0.477284 -0.878556 0.0184031 0.681433 0.878745 0.477243 -0.00686302 0.552625 -0.00275319 0.0194472 0.999807 0.791128
0.476469 -0.879079 0.0140683 1.12073 0.879189 0.476445 -0.00521924 1.27616 -0.00211466 0.0148555 0.999888 0.78435
0.475592 -0.879583 0.0121094 1.54012 0.879664 0.475576 -0.00435137 2.09878 -0.00193157 0.0127217 0.999918 0.782974
0.474307 -0.880273 0.0123687 1.97108 0.880354 0.474306 -0.00316519 2.95461 -0.00308035 0.0123902 0.999919 0.781985
0.473165 -0.880875 0.0131652 2.4072 0.880964 0.473177 -0.00240076 3.80411 -0.00411471 0.012734 0.999911 0.7847
0.472165 -0.881405 0.0135858 2.82955 0.881497 0.472185 -0.00190862 4.63464 -0.00473277 0.0128771 0.999906 0.790372
0.471016 -0.882008 0.0142988 3.25477 0.882114 0.471029 -0.00270429 5.45246 -0.00434995 0.0138869 0.999895 0.784863
0.469918 -0.88258 0.0151254 3.68648 0.882702 0.469917 -0.00381904 6.26831 -0.00373709 0.0151459 0.999879 0.787835
0.469272 -0.882919 0.015435 4.12974 0.883043 0.469278 -0.00343608 7.08259 -0.00420955 0.0152423 0.999876 0.798671
0.468888 -0.88312 0.0155932 4.57369 0.883232 0.468936 -0.000650015 7.90338 -0.00673817 0.0140772 0.999879 0.803644
0.469133 -0.882954 0.0174957 5.02413 0.883067 0.46924 0.00236045 8.73778 -0.0102938 0.0143425 0.999845 0.790098
0.469778 -0.882576 0.0191965 5.47587 0.882677 0.469948 0.00535464 9.57477 -0.0137473 0.0144289 0.999803 0.77676
0.471675 -0.881518 0.0212173 5.93174 0.881644 0.47188 0.00572566 10.4306 -0.0150593 0.0160055 0.99976 0.76222
0.473663 -0.880413 0.0227526 6.37561 0.880593 0.473858 0.00382802 11.2769 -0.0141518 0.0182226 0.999735 0.757369
0.475053 -0.879703 0.0212103 6.80737 0.879902 0.475155 -0.000211935 12.1121 -0.00989176 0.0187636 0.999777 0.76279
0.476374 -0.87903 0.019405 7.2414 0.879224 0.476393 -0.00385401 12.9496 -0.00585666 0.0188973 0.999806 0.769037
0.47699 -0.878777 0.0153184 7.72669 0.878887 0.477029 -0.00115843 13.8066 -0.00628936 0.0140157 0.999884 0.767314
0.477094 -0.878722 0.015238 8.2032 0.878801 0.477182 0.0026969 14.6811 -0.00964113 0.0121044 0.999882 0.768124
0.476977 -0.878725 0.0183871 8.68234 0.878816 0.477133 0.00519753 15.5543 -0.0133403 0.0136798 0.99982 0.751822
0.475848 -0.879024 0.0297896 9.14632 0.879414 0.476057 -3.41875e-05 16.3909 -0.0141515 0.0262136 0.999558 0.738296
0.474619 -0.879542 0.0338372 9.60841 0.880119 0.474723 -0.00534537 17.2422 -0.0113619 0.0323177 0.999416 0.749299
0.472977 -0.880371 0.035226 10.0643 0.881038 0.472946 -0.00968608 18.1259 -0.00813271 0.0356166 0.999335 0.746834
0.471538 -0.881273 0.03179 10.5205 0.881826 0.471468 -0.010103 19.0074 -0.00608451 0.0327971 0.999446 0.746195
0.47061 -0.881863 0.0290514 11.0073 0.882312 0.470609 -0.00725023 19.8863 -0.00727821 0.0290444 0.999555 0.747681
0.469504 -0.882515 0.0270959 11.4905 0.882881 0.469583 -0.00374418 20.7864 -0.00941949 0.0256803 0.999629 0.743678
0.46833 -0.883181 0.0256627 11.9639 0.883482 0.468465 -0.000825891 21.6842 -0.0112927 0.0230593 0.999674 0.740322
0.467396 -0.883604 0.0280075 12.4158 0.883954 0.467575 -0.000172905 22.5802 -0.0129428 0.0248381 0.999611 0.734005
0.467193 -0.883644 0.0300975 12.8845 0.88401 0.467463 0.00228126 23.4474 -0.0160853 0.0255406 0.999548 0.73562
0.466887 -0.883766 0.0312173 13.3391 0.884123 0.467234 0.0045121 24.3365 -0.0185734 0.0254933 0.999506 0.719291
0.466817 -0.88385 0.0298512 13.7954 0.884129 0.467194 0.00683897 25.2313 -0.0199909 0.0231997 0.999535 0.719113
0.466887 -0.883931 0.0261305 14.2751 0.884123 0.467199 0.00717084 26.1361 -0.0185467 0.0197547 0.999637 0.73793
0.467481 -0.883685 0.0237421 14.7391 0.883856 0.467725 0.00574091 27.0234 -0.0161779 0.0183008 0.999706 0.732916
0.466806 -0.884074 0.0225151 15.1975 0.884235 0.467017 0.00494893 27.9121 -0.0148901 0.0175984 0.999739 0.720616
0.465643 -0.884649 0.0239658 15.6596 0.884836 0.465875 0.00496446 28.8081 -0.0155569 0.0188942 0.999705 0.715213
0.464677 -0.885095 0.0261187 16.1265 0.885325 0.464945 0.00500829 29.6955 -0.0165766 0.0207963 0.999651 0.69942
0.464389 -0.885262 0.0256097 16.583 0.885489 0.464638 0.00451684 30.5632 -0.0158978 0.0205795 0.999667 0.724755
0.464017 -0.885559 0.021787 17.0134 0.885755 0.46415 0.00125451 31.4316 -0.0112234 0.0187157 0.999767 0.711675
0.463686 -0.885765 0.0204079 17.4676 0.885952 0.463775 -0.000366301 32.3401 -0.00914024 0.0182502 0.999796 0.701684
0.463551 -0.88586 0.0193098 17.9316 0.885999 0.463679 0.00255603 33.2036 -0.0112178 0.0159236 0.999815 0.700171
0.463312 -0.88592 0.0221153 18.393 0.886069 0.463522 0.00525892 34.0491 -0.0149098 0.0171591 0.999746 0.707321
0.463019 -0.88602 0.0241436 18.8054 0.886209 0.463256 0.00503694 34.9188 -0.0156474 0.019064 0.9997 0.689783
0.463033 -0.885966 0.0258078 19.2526 0.8862 0.46328 0.00428114 35.7742 -0.0157491 0.0208884 0.999662 0.693185
0.462739 -0.886082 0.0270733 19.7257 0.886378 0.462956 0.00203799 36.617 -0.0143395 0.023054 0.999635 0.705287
0.46215 -0.886366 0.0278052 20.1903 0.886681 0.462375 0.00191954 37.4672 -0.0145577 0.023767 0.999615 0.709125
0.460882 -0.886901 0.0315578 20.6299 0.887286 0.461203 0.00337178 38.3288 -0.0175449 0.0264467 0.9995 0.683521
0.459903 -0.887213 0.036635 21.0628 0.887677 0.460416 0.00658005 39.2148 -0.0227051 0.0294937 0.99931 0.686429
0.459148 -0.887614 0.036409 21.5177 0.888012 0.459727 0.00907687 40.053 -0.0247948 0.0281638 0.999299 0.655066
0.458634 -0.887826 0.037696 21.9517 0.888316 0.459178 0.0068196 40.9055 -0.0233636 0.0303581 0.999269 0.666043
0.457003 -0.88878 0.0349068 22.32 0.889309 0.457304 0.000710365 41.707 -0.0165941 0.030718 0.999393 0.667657
0.456509 -0.889178 0.0310228 22.7185 0.88965 0.456628 -0.00356241 42.4881 -0.0109981 0.0292255 0.999514 0.662867
0.455611 -0.889799 0.0260366 23.1669 0.890109 0.455747 -0.000833944 43.358 -0.0111238 0.0235551 0.999662 0.648326
0.454525 -0.890408 0.024111 23.5948 0.890639 0.454706 0.00226487 44.179 -0.0129798 0.0204444 0.999708 0.643981
0.453623 -0.890911 0.0224821 23.9831 0.891071 0.453836 0.00511321 44.9759 -0.0147583 0.0177133 0.999735 0.653767
0.452787 -0.891359 0.0215233 24.354 0.891486 0.453006 0.00631453 45.7477 -0.0153784 0.0163282 0.999749 0.650574
0.45108 -0.892222 0.0216494 24.734 0.892345 0.451307 0.00673632 46.527 -0.0157805 0.0162797 0.999743 0.647278
0.449855 -0.892844 0.0214817 25.1071 0.892956 0.450089 0.00728531 47.2754 -0.016173 0.0159044 0.999742 0.646901
0.448861 -0.893323 0.0223358 25.4795 0.893448 0.449111 0.00740578 48.0295 -0.0166466 0.0166312 0.999722 0.63707
0.447766 -0.893887 0.0217457 25.8547 0.893987 0.448021 0.0082996 48.7717 -0.0171611 0.0157236 0.999728 0.639746
0.446473 -0.89459 0.0192541 26.21 0.894588 0.446734 0.0120527 49.4855 -0.0193834 0.0118427 0.99974 0.632767
0.445428 -0.895143 0.0177225 26.5658 0.895029 0.445704 0.0166289 50.1978 -0.0227838 0.00845457 0.999702 0.61882
0.444093 -0.895793 0.0183888 26.9099 0.895629 0.444405 0.0189634 50.8932 -0.0251589 0.00804737 0.999648 0.594759
0.4429 -0.896393 0.0179459 27.229 0.896274 0.443185 0.0169759 51.5761 -0.02317 0.00856511 0.999692 0.621186
0.441543 -0.897133 0.0139501 27.5369 0.897091 0.441706 0.0114776 52.2436 -0.0164583 0.00744599 0.999834 0.635136
0.440682 -0.897598 0.0109927 27.8443 0.897603 0.440768 0.00644692 52.9127 -0.0106314 0.0070254 0.999915 0.62369
0.440151 -0.897888 0.00828333 28.1753 0.897885 0.440206 0.00563931 53.5565 -0.00870929 0.00495464 0.999946 0.622238
0.439666 -0.898131 0.00773767 28.476 0.898094 0.439729 0.00876736 54.1861 -0.0112762 0.00309371 0.999927 0.61792
0.438414 -0.898734 0.00870798 28.7435 0.898669 0.438498 0.0112513 54.7826 -0.0139298 0.00289207 0.999894 0.624276
0.437615 -0.899115 0.00951849 29.0078 0.899095 0.437696 0.00802096 55.3293 -0.0113773 0.00504715 0.999918 0.650453
0.437731 -0.899015 0.0130688 29.282 0.899083 0.437793 0.00153815 55.8686 -0.00710354 0.0110759 0.999908 0.651352
0.438616 -0.898557 0.0147626 29.5689 0.898676 0.43861 -0.00439212 56.4086 -0.00252763 0.0151925 0.999876 0.64847
0.441319 -0.89727 0.0123662 29.8217 0.897355 0.441313 -0.0041017 56.9375 -0.00177624 0.0129063 0.99991 0.651548
0.445074 -0.895455 0.00886684 30.083 0.895493 0.445099 -0.000260655 57.4634 -0.00371245 0.00805535 0.999955 0.673508
0.449042 -0.893461 0.00996202 30.3361 0.893493 0.449096 0.00256654 57.9615 -0.00676622 0.00774759 0.999941 0.650549
0.454013 -0.890866 0.0155838 30.575 0.89094 0.454131 0.00401118 58.4855 -0.0106497 0.0120622 0.999865 0.667856
0.460641 -0.887347 0.0209286 30.8469 0.887486 0.460838 0.00486476 58.9253 -0.0139605 0.016332 0.999763 0.667756
0.469959 -0.882458 0.0204982 31.1073 0.882563 0.470179 0.00658854 59.3904 -0.015451 0.0149935 0.999762 0.685098
0.482318 -0.875864 0.0157398 31.3387 0.875864 0.482499 0.00941568 59.8071 -0.0158404 0.00924338 0.999825 0.683873
0.498749 -0.866688 0.0108526 31.5425 0.866604 0.498871 0.0126065 60.2297 -0.0163391 0.00311607 0.999855 0.676814
0.517216 -0.855805 0.0101365 31.8188 0.855694 0.517328 0.0139473 60.6268 -0.0171791 0.00145858 0.999844 0.671575
0.539636 -0.841778 0.0148261 32.0501 0.841716 0.539821 0.0120366 61.034 -0.0181346 0.00598264 0.99981 0.668002
0.564285 -0.825392 0.0181136 32.3078 0.825329 0.56454 0.0129419 61.4154 -0.0209069 0.00764536 0.999745 0.67517
0.591438 -0.806133 0.0192024 32.5618 0.806041 0.591725 0.0142782 61.7481 -0.0228715 0.00703173 0.999706 0.675473
0.620839 -0.783686 0.0203515 32.8267 0.783576 0.621153 0.0149292 62.0837 -0.02434 0.00667676 0.999674 0.674906
0.653402 -0.756742 0.0206321 33.0806 0.756605 0.653723 0.0156231 62.4294 -0.0253091 0.00540055 0.999658 0.666698
0.687657 -0.72572 0.0218304 33.3681 0.725568 0.688004 0.0159059 62.7395 -0.0265613 0.00489993 0.999628 0.650646
0.723484 -0.690063 0.0200505 33.6068 0.689872 0.723779 0.0165996 63.0061 -0.0259655 0.00182092 0.999653 0.649899
0.760081 -0.649567 0.0189455 33.8659 0.649381 0.760336 0.0158322 63.2603 -0.0246877 0.000267292 0.999687 0.657916
0.796522 -0.604349 0.0182825 34.2013 0.604169 0.79675 0.0151454 63.4963 -0.0237183 -0.00101973 0.99971 0.646173
0.832223 -0.554187 0.0173174 34.5532 0.554006 0.832419 0.0148009 63.708 -0.0226164 -0.00272558 0.999733 0.631074
0.865706 -0.500302 0.0164157 34.8908 0.500126 0.865872 0.0142953 63.8746 -0.0213643 -0.00416751 0.999755 0.615292
0.896434 -0.442888 0.016626 35.2659 0.442742 0.8966 0.0124324 64.0235 -0.0204115 -0.00378566 0.999776 0.62093
0.923395 -0.383488 0.0173568 35.6263 0.383347 0.923569 0.0115876 64.1285 -0.0204723 -0.00404817 0.999774 0.620263
0.946069 -0.323446 0.0189905 36.0031 0.32328 0.946265 0.0119142 64.2154 -0.0218219 -0.00513435 0.999741 0.631054
0.96461 -0.262883 0.0211662 36.3713 0.262659 0.964833 0.013413 64.316 -0.0239462 -0.00738087 0.999678 0.62686
0.979178 -0.201854 0.0222694 36.7389 0.201618 0.979415 0.0130209 64.4081 -0.0244376 -0.00826199 0.999659 0.613982
0.989634 -0.141956 0.0225028 37.1481 0.141769 0.989883 0.0103571 64.3804 -0.0237435 -0.00706162 0.999686 0.588051
0.996318 -0.0829706 0.0224448 37.5429 0.0828569 0.996577 0.00664307 64.3827 -0.0229171 -0.00476087 0.999719 0.591501
0.999406 -0.0267842 0.0226177 37.9351 0.0266388 0.999656 0.00741147 64.404 -0.0228064 -0.00680656 0.99971 0.609202
0.999383 0.0282027 0.0219788 38.3139 -0.0284322 0.999575 0.0109568 64.3775 -0.0216584 -0.011577 0.999692 0.625261
0.996607 0.079916 0.0208954 38.7014 -0.0801605 0.99675 0.0119657 64.3675 -0.0198692 -0.0136022 0.999704 0.60432
0.991762 0.126834 0.0193218 39.0954 -0.126966 0.991926 0.00663505 64.2981 -0.018322 -0.00903551 0.999785 0.539726
0.985338 0.169698 0.0192058 39.4845 -0.169586 0.985536 -0.00650029 64.1884 -0.0200286 0.00314633 0.999788 0.529507
0.978155 0.206963 0.0209897 39.8842 -0.206756 0.978374 -0.0109151 64.0778 -0.0227922 0.00633532 0.999714 0.548937
0.970287 0.241247 0.0202262 40.275 -0.241092 0.970504 -0.0090775 63.9921 -0.0218168 0.00392979 0.999749 0.590586
0.962076 0.272253 0.0188926 40.63 -0.272304 0.962256 0.000992228 63.9055 -0.0179068 -0.00610095 0.999816 0.617133
0.953681 0.300418 0.0177663 41.0533 -0.300577 0.95377 0.00809281 63.7623 -0.0145112 -0.01306 0.999804 0.581841
0.945474 0.325426 0.0160055 41.3889 -0.325561 0.945537 0.00789353 63.6469 -0.0125624 -0.0126757 0.999836 0.576621
0.936964 0.349349 0.0118009 41.7734 -0.349392 0.937022 0.00323414 63.5242 -0.00992514 -0.00715503 0.999921 0.556564
0.928937 0.370337 0.00386538 42.1351 -0.370322 0.928956 -0.000847355 63.4095 -0.0039018 -0.000645688 0.999989 0.565655
0.921278 0.389018 -0.00264496 42.502 -0.389005 0.921291 0.000210745 63.2539 0.00252151 0.000833467 0.999994 0.565484
0.914236 0.405301 -0.00183905 42.9239 -0.405278 0.914243 0.00388591 63.044 0.00325902 -0.00280863 0.999989 0.563568
0.907805 0.419513 0.0023422 43.3793 -0.419506 0.907801 0.00453948 62.8328 -0.000219138 -0.00510487 0.999986 0.553353
0.901529 0.432817 0.00524193 43.829 -0.432822 0.901537 0.0031138 62.6519 -0.00337529 -0.00507734 0.999981 0.5572
0.895823 0.444505 0.00586751 44.2433 -0.444501 0.895844 0.000304924 62.4452 -0.00511796 -0.00288256 0.999983 0.559396
0.890588 0.454914 0.00536574 44.7147 -0.45489 0.89061 -0.0032931 62.2023 -0.00627391 0.000490745 0.999981 0.563859
0.885712 0.464363 0.00332243 45.1911 -0.464332 0.885717 -0.00528376 61.9268 -0.00539331 0.00313599 0.999983 0.569285
0.882118 0.471163 0.00293611 45.6389 -0.471134 0.882121 -0.00527928 61.68 -0.00507436 0.00327247 0.999985 0.567369
0.878883 0.477179 0.0022736 46.0934 -0.477148 0.878879 -0.00611965 61.4241 -0.0049153 0.00429245 0.999983 0.569508
0.876744 0.481106 0.0018994 46.5718 -0.481077 0.876736 -0.00631252 61.1698 -0.00469913 0.00461955 0.999984 0.564876
0.874108 0.485887 0.00146667 47.0524 -0.485859 0.874097 -0.0064372 60.8867 -0.00440659 0.00491305 0.999985 0.558556
0.8719 0.489845 0.00111943 47.6359 -0.489818 0.871884 -0.00693664 60.5651 -0.00437069 0.00549858 0.999984 0.552247
0.870483 0.492366 0.000800071 48.173 -0.49234 0.870463 -0.0072466 60.2589 -0.00426117 0.00591297 0.999983 0.559879
0.868758 0.495408 0.00134675 48.7476 -0.495382 0.868743 -0.00666751 59.9165 -0.00446985 0.00512414 0.999988 0.565643
0.867488 0.497638 0.000514512 49.3103 -0.497609 0.867456 -0.00847467 59.5833 -0.0046603 0.00709446 0.999977 0.551284
0.867108 0.498305 -0.000643726 49.8801 -0.498276 0.867052 -0.0106992 59.2222 -0.00476991 0.00959685 0.999957 0.551137
0.86751 0.497613 0.000207216 50.4821 -0.497579 0.867461 -0.0102383 58.896 -0.00527102 0.00877746 0.999963 0.547232
0.868891 0.495199 -0.00224357 51.119 -0.495169 0.868775 -0.0148526 58.5202 -0.00540229 0.0140148 0.999904 0.556987
0.870423 0.492491 -0.00468391 51.7763 -0.492481 0.870226 -0.0189354 58.1537 -0.00524584 0.018787 0.999829 0.554407
0.87271 0.488439 -0.00444454 52.4217 -0.488423 0.872506 -0.0192466 57.797 -0.00551921 0.0189658 0.999826 0.550689
0.874705 0.484874 -0.00332495 53.0638 -0.484841 0.874514 -0.018857 57.4403 -0.00623184 0.0181047 0.999839 0.538656
0.876526 0.481587 -0.00271766 53.7282 -0.481535 0.876313 -0.0201458 57.0705 -0.00731662 0.0189651 0.999818 0.526262
0.878596 0.477812 -0.00141822 54.4548 -0.477735 0.878386 -0.0204914 56.7093 -0.0085414 0.0186793 0.999816 0.500061
0.88023 0.474789 0.00396009 55.1702 -0.474691 0.880159 -0.0144211 56.2919 -0.0103286 0.0108124 0.999917 0.501635
0.882711 0.470181 0.00244281 55.8913 -0.470073 0.882588 -0.0171664 55.9555 -0.0102233 0.0140028 0.999881 0.511805
0.883931 0.467898 0.00105016 56.6058 -0.467842 0.883843 -0.0133195 55.575 -0.00715636 0.0112805 0.999944 0.524674
0.884687 0.466475 -0.00109515 57.3344 -0.466469 0.884643 -0.00724331 55.2306 -0.00240609 0.00691736 1.00001 0.511942
0.88486 0.466154 -0.00207646 58.0386 -0.466157 0.88483 -0.00446144 54.8538 -0.000238518 0.00491426 1.00003 0.521822
0.884924 0.466047 0.000176266 58.7853 -0.466046 0.884904 -5.56428e-05 54.4915 -0.000178052 -3.40764e-05 1.00004 0.517187
0.884994 0.465923 0.00125286 59.5327 -0.465922 0.884973 -0.00087301 54.1072 -0.00151159 0.000187695 1.00004 0.539724
0.884943 0.466019 0.00336402 60.2668 -0.466023 0.884925 0.000568095 53.7165 -0.00270821 -0.00207147 1.00004 0.535683
0.885081 0.46575 0.00516151 60.9929 -0.465767 0.885061 0.00257339 53.3414 -0.00336572 -0.00468255 1.00003 0.542059
0.885334 0.465278 0.00538635 61.7211 -0.465297 0.885311 0.00282817 52.9614 -0.00344869 -0.00501089 1.00003 0.543555
0.885295 0.465363 0.00521812 62.4467 -0.465386 0.885264 0.00405068 52.5863 -0.00273036 -0.00601511 1.00003 0.554582
0.885104 0.465729 0.00600492 63.2063 -0.465765 0.885052 0.0069846 52.2289 -0.00205773 -0.00897929 1.00001 0.574776
0.883631 0.468513 0.00700164 63.9099 -0.468562 0.88357 0.00798507 51.9016 -0.00244129 -0.0103367 1 0.5749
0.882144 0.471278 0.00931983 64.6527 -0.471361 0.882061 0.0103004 51.4622 -0.00336227 -0.0134792 0.999963 0.589109
0.879374 0.476364 0.0125008 65.3597 -0.476498 0.879294 0.0110275 51.0867 -0.00573464 -0.0156534 0.999923 0.592529
0.876522 0.481541 0.0147365 66.1218 -0.481703 0.876469 0.0100885 50.687 -0.00805371 -0.0159408 0.999905 0.594637
0.872905 0.488072 0.0148792 66.8549 -0.488233 0.872861 0.00950961 50.2574 -0.00834166 -0.0155647 0.999911 0.609766
0.868858 0.495255 0.0147875 67.6184 -0.495425 0.86879 0.0107856 49.8565 -0.00750117 -0.0166962 0.999902 0.614672
0.863687 0.504266 0.013445 68.3278 -0.504409 0.863621 0.00992464 49.4377 -0.00660226 -0.0153526 0.999932 0.619297
0.85847 0.513056 0.0153167 69.0209 -0.513233 0.858405 0.0105227 49.0464 -0.00774459 -0.0168932 0.999902 0.611826
0.852697 0.522584 0.0159523 69.6884 -0.522774 0.852632 0.0107359 48.6766 -0.00798634 -0.0174924 0.999892 0.609532
0.846447 0.532643 0.0164133 70.3529 -0.53283 0.846406 0.00936808 48.2545 -0.00889762 -0.0166735 0.999901 0.61624
0.84025 0.542376 0.016403 71.0148 -0.542554 0.840223 0.00833399 47.8392 -0.00925705 -0.0159006 0.999912 0.63117
0.834751 0.550827 0.0159078 71.6511 -0.551004 0.834705 0.00902988 47.4066 -0.00829946 -0.0163012 0.999917 0.620779
0.828795 0.559761 0.0158033 72.2827 -0.559946 0.828723 0.0103951 46.9686 -0.00727286 -0.0174624 0.999907 0.625288
0.822761 0.568625 0.0149516 72.9443 -0.568799 0.822673 0.0108533 46.5138 -0.00612384 -0.017432 0.999918 0.625692
0.817088 0.576787 0.0136932 73.5778 -0.576937 0.816999 0.0103375 46.0763 -0.00521981 -0.0163446 0.999944 0.634492
0.811664 0.584404 0.0137542 74.1692 -0.584559 0.811556 0.0113214 45.6543 -0.00454098 -0.0172268 0.999934 0.637847
0.806184 0.591953 0.0135699 74.7454 -0.592102 0.806082 0.0108448 45.2241 -0.00451379 -0.0167752 0.999944 0.644201
0.800988 0.598956 0.0143608 75.3801 -0.59912 0.800882 0.0111897 44.7333 -0.00479399 -0.0175639 0.999932 0.656123
0.796282 0.605232 0.0132906 75.9811 -0.605357 0.796232 0.00711018 44.2895 -0.00627378 -0.013705 0.999986 0.665664
0.792832 0.609746 0.0136375 76.5741 -0.609859 0.792813 0.0047394 43.8352 -0.00791663 -0.0120724 0.999997 0.675869
0.790819 0.612293 0.0164779 77.13 -0.612438 0.790832 0.00422438 43.4012 -0.010439 -0.0134301 0.999959 0.672561
0.789982 0.613427 0.014706 77.7138 -0.613498 0.790028 -0.000658015 42.9529 -0.0120157 -0.00850057 0.999998 0.667392
0.788533 0.615289 0.0151335 78.2194 -0.615357 0.788586 -0.00111887 42.5464 -0.0126163 -0.00842854 0.999993 0.673958
0.788506 0.615347 0.0145344 78.7624 -0.615409 0.788552 -0.00122222 42.1561 -0.0122069 -0.00797914 1 0.66031
0.789115 0.614606 0.0131738 79.277 -0.614651 0.789149 -0.00185827 41.7349 -0.0115318 -0.00662931 1.00002 0.672254
0.7908 0.612485 0.0112777 79.8021 -0.61251 0.790817 -0.00267359 41.3228 -0.0105497 -0.00479212 1.00005 0.686312
0.794195 0.608093 0.0109032 80.3105 -0.60813 0.7942 -0.00121265 40.9517 -0.00939025 -0.00566598 1.00006 0.689528
0.798278 0.602762 0.00922823 80.8215 -0.602786 0.798269 -0.00163052 40.5773 -0.0083429 -0.00425971 1.00008 0.688827
0.804987 0.593763 0.010419 81.2641 -0.593801 0.804982 -0.000559728 40.235 -0.00871282 -0.00573463 1.00007 0.689964
0.813312 0.582323 0.0102109 81.7471 -0.58237 0.813296 0.000914988 39.9039 -0.00776507 -0.00668891 1.00007 0.695464
0.822484 0.569321 0.00933294 82.2278 -0.56937 0.822453 0.00220651 39.5933 -0.00641312 -0.00712677 1.00008 0.703838
0.834433 0.551707 0.00685105 82.7121 -0.551744 0.834381 0.00328985 39.281 -0.00389491 -0.00652326 1.0001 0.704934
0.848018 0.530624 0.00493085 83.1624 -0.530651 0.847946 0.00540776 38.9966 -0.00130535 -0.00720029 1.00011 0.704814
0.861963 0.507685 0.00332625 83.662 -0.5077 0.861879 0.00686319 38.7647 0.00062361 -0.00760224 1.00011 0.721952
0.877795 0.479803 0.00365937 84.1512 -0.479819 0.877711 0.00683433 38.5478 7.34115e-05 -0.00775262 1.00011 0.731412
0.895315 0.446271 0.00393341 84.682 -0.446288 0.895234 0.00633016 38.3016 -0.000690117 -0.00742061 1.00011 0.710135
0.913273 0.408263 0.00556182 85.1626 -0.408288 0.913202 0.00541352 38.1216 -0.00286246 -0.0072126 1.00011 0.704249
0.931139 0.365594 0.0105437 85.6635 -0.365657 0.931095 0.00557813 37.9477 -0.00777092 -0.00904687 1.00008 0.707496
0.9478 0.319796 0.0144901 86.1627 -0.31991 0.947782 0.00712315 37.8489 -0.0114482 -0.0113839 1.00002 0.694986
0.962864 0.270974 0.016879 86.6995 -0.271121 0.962872 0.00797946 37.7697 -0.0140824 -0.0122563 0.999979 0.702996
0.976619 0.216226 0.0171204 87.1893 -0.216384 0.976626 0.00908734 37.6954 -0.0147475 -0.0125762 0.999968 0.694025
0.988047 0.156039 0.0161071 87.6956 -0.156141 0.988074 0.00657742 37.6778 -0.0148806 -0.00901121 1.00001 0.725599
0.996215 0.0908967 0.0122488 88.2289 -0.0909384 0.996209 0.00492838 37.6894 -0.0117464 -0.00602157 1.00007 0.740252
1.00015 0.0226774 0.00698011 88.6885 -0.0226709 1.00011 0.00305285 37.6602 -0.00690401 -0.00320998 1.00013 0.747292
0.999375 -0.046059 0.00177652 89.1581 0.0460861 0.99931 0.00289925 37.7111 -0.00190167 -0.00281393 1.00016 0.754305
0.99376 -0.11542 -0.000578784 89.62 0.115457 0.993688 0.00481894 37.8094 2.58461e-05 -0.00485353 1.00016 0.737245
0.98321 -0.184867 -0.00308841 90.0824 0.184918 0.983147 0.00354266 37.9303 0.00238812 -0.00405222 1.00016 0.727072
0.968055 -0.252489 -0.00329454 90.5149 0.252537 0.968001 0.000824558 38.0591 0.00298758 -0.00162872 1.00017 0.711787
0.948798 -0.317299 1.69526e-05 90.9651 0.317346 0.94874 0.00197833 38.2421 -0.000636793 -0.00187021 1.00018 0.746138
0.924887 -0.381372 0.00626274 91.3929 0.381404 0.924854 0.0039292 38.4438 -0.00728283 -0.00124434 1.00015 0.72636
0.897845 -0.44121 0.0105612 91.8096 0.441227 0.897855 0.00574963 38.6826 -0.0120109 -0.000501611 1.00011 0.737034
0.867926 -0.497367 0.015429 92.1983 0.497345 0.868014 0.00883286 38.9285 -0.0177766 7.73882e-06 1.00003 0.714938
0.838247 -0.54585 0.01736 92.594 0.545779 0.838379 0.0118973 39.2364 -0.0210387 -0.000497613 0.99997 0.724114
0.809251 -0.587938 0.0189572 92.9256 0.587771 0.809424 0.0164957 39.4904 -0.0250326 -0.00220579 0.999878 0.753225
0.78242 -0.623261 0.0169744 93.2481 0.622964 0.782531 0.0221842 39.7763 -0.0270989 -0.0067809 0.999807 0.733732
0.758224 -0.65257 0.0133541 93.5959 0.652259 0.758239 0.0240411 40.1025 -0.0258035 -0.00951536 0.999822 0.7204
0.737918 -0.675517 0.00961824 93.9468 0.67525 0.737856 0.0238175 40.4818 -0.0231756 -0.0110773 0.999874 0.678881
0.721984 -0.69249 0.0119685 94.2427 0.692308 0.72202 0.0192903 40.7913 -0.0219893 -0.00563949 0.999949 0.677717
0.71 -0.704722 0.0149561 94.6241 0.704551 0.710113 0.0183093 41.1161 -0.0235125 -0.00246126 0.999931 0.679538
0.701316 -0.713399 0.0136129 94.9325 0.71319 0.701394 0.0201783 41.5035 -0.023932 -0.00444122 0.999917 0.680378
0.693604 -0.720967 0.00984663 95.2846 0.720685 0.693565 0.0243337 41.8535 -0.0243617 -0.00977848 0.999872 0.680355
0.689412 -0.725046 0.00304308 95.6488 0.724768 0.689166 0.0280266 42.2769 -0.0224066 -0.0171109 0.999823 0.648893
0.687951 -0.726441 -0.00276257 95.9557 0.726248 0.687558 0.0293684 42.6953 -0.0194242 -0.0222033 0.999789 0.6451
0.687788 -0.726594 -0.0047195 96.3091 0.726462 0.687381 0.028398 43.057 -0.0173791 -0.0229529 0.999813 0.638307
0.689176 -0.725287 -0.00473758 96.6677 0.725224 0.688861 0.0240415 43.4372 -0.0141632 -0.0199979 0.999931 0.633956
0.69201 -0.722581 -0.00621903 97.1091 0.722631 0.691823 0.015883 43.9085 -0.00716505 -0.0154797 1.00009 0.605204
0.694945 -0.719715 -0.0107951 97.5427 0.719851 0.694782 0.013021 44.3633 -0.00186277 -0.0168137 1.0001 0.610302
0.699067 -0.715651 -0.0146743 97.9305 0.715852 0.698784 0.0185593 44.8024 -0.0030193 -0.0234705 0.999962 0.619183
0.703246 -0.71151 -0.0167023 98.3271 0.711735 0.702778 0.0251872 45.2328 -0.00617394 -0.0295901 0.999789 0.612301
0.706255 -0.708599 -0.0136431 98.78 0.708699 0.705693 0.0291807 45.6532 -0.0110396 -0.0302671 0.99973 0.594873
0.708883 -0.706079 -0.00667546 99.227 0.705978 0.708401 0.0296995 46.1285 -0.0162303 -0.0257568 0.999788 0.572947
0.711686 -0.703278 -0.00487923 99.6611 0.703063 0.711137 0.0334016 46.568 -0.020009 -0.0271918 0.999685 0.536431
0.713701 -0.701259 0.000382105 100.133 0.700981 0.713334 0.0303639 46.996 -0.0215532 -0.0213945 0.999797 0.540752
0.714262 -0.700696 0.00193963 100.631 0.700518 0.714046 0.0238105 47.4863 -0.0180571 -0.0156415 0.999977 0.515888
0.713908 -0.701064 0.0023149 101.113 0.701 0.713797 0.016076 47.9647 -0.0129117 -0.00984919 1.00013 0.540405
0.713605 -0.701385 -0.000889626 101.607 0.701404 0.713511 0.01051 48.4592 -0.00672694 -0.00811964 1.00021 0.552963
0.711442 -0.703524 -0.00957267 102.093 0.703634 0.71127 0.0135851 48.9561 -0.00273968 -0.0163935 1.00013 0.539785
0.709698 -0.705282 -0.010317 102.597 0.705387 0.709445 0.0178632 49.4548 -0.00526973 -0.0199465 1.00006 0.530072
0.708684 -0.706377 -0.00359151 103.114 0.706317 0.708414 0.0218926 49.9754 -0.012909 -0.0180437 1.00003 0.524272
0.706859 -0.70822 -0.00138587 103.621 0.708027 0.706513 0.0276291 50.4954 -0.0185758 -0.0205021 0.9999 0.495695
0.705535 -0.709542 -0.00342608 104.127 0.709348 0.705098 0.0300113 51.0277 -0.0188658 -0.0235941 0.99983 0.509754
0.703728 -0.711325 -0.00616281 104.671 0.711235 0.703301 0.0276332 51.5551 -0.0153098 -0.023819 0.999888 0.507695
0.700874 -0.714077 -0.0117251 105.228 0.714158 0.700448 0.0248357 52.1328 -0.00951078 -0.0257689 0.999916 0.527757
0.698202 -0.716686 -0.0125049 105.777 0.716813 0.697855 0.0213307 52.7309 -0.00655043 -0.0238459 0.99999 0.510693
0.694768 -0.720024 -0.0126103 106.362 0.720148 0.694409 0.0217678 53.293 -0.00690611 -0.0241936 0.999983 0.498513
0.691766 -0.72296 -0.00988725 106.926 0.723027 0.691445 0.0210043 53.9136 -0.00833797 -0.0216684 1.00003 0.492245
0.691119 -0.723611 -0.00805627 107.453 0.723619 0.690773 0.0229186 54.4934 -0.0110075 -0.0216585 1.00001 0.474447
0.690171 -0.724526 -0.0080343 108 0.724486 0.689739 0.0266662 55.0668 -0.0137665 -0.0242131 0.999923 0.448545
0.690034 -0.724679 -0.00676763 108.581 0.724609 0.689619 0.0266749 55.6508 -0.014651 -0.0232987 0.999936 0.437721
0.689553 -0.725176 -0.00216827 109.16 0.725046 0.689258 0.0242996 56.27 -0.0161138 -0.0183179 1.00002 0.429231
0.689483 -0.725236 -0.00529921 109.712 0.725117 0.689068 0.0275917 56.8489 -0.0163456 -0.0228546 0.999927 0.444706
0.68993 -0.724757 -0.011058 110.3 0.724753 0.689372 0.0297076 57.481 -0.0138948 -0.028496 0.999824 0.456636
0.690777 -0.723858 -0.0164016 110.831 0.723992 0.690077 0.0320479 58.1185 -0.0118671 -0.0339957 0.999682 0.440689
0.692623 -0.72198 -0.0211423 111.456 0.722241 0.69171 0.0362816 58.7655 -0.0115575 -0.0403795 0.999452 0.434483
0.694618 -0.720061 -0.021517 112.049 0.7203 0.693568 0.0394505 59.4036 -0.0134698 -0.0428804 0.999327 0.427889
0.696896 -0.71784 -0.0224252 112.639 0.718116 0.695814 0.0398778 60.0111 -0.0130086 -0.0438724 0.999294 0.427314
0.698213 -0.716549 -0.0231148 113.243 0.71688 0.697212 0.0378165 60.6231 -0.0109685 -0.0429523 0.999362 0.413815
0.699119 -0.715815 -0.0183365 113.853 0.716009 0.698354 0.0331524 61.2559 -0.0109126 -0.0362867 0.999631 0.402143
0.699576 -0.715469 -0.0143804 114.485 0.715577 0.698997 0.0288659 61.8856 -0.0105879 -0.0304664 0.999832 0.403378
0.700019 -0.715034 -0.0149622 115.11 0.715159 0.699429 0.0290004 62.5377 -0.0102583 -0.0309829 0.999824 0.431826
0.701011 -0.714068 -0.0151779 115.731 0.714164 0.700313 0.0322605 63.1549 -0.0123932 -0.0334347 0.999724 0.422795
0.702385 -0.712752 -0.0139752 116.333 0.71274 0.701544 0.0368744 63.7765 -0.016463 -0.0358394 0.999586 0.383516
0.703094 -0.712097 -0.0121596 116.915 0.711921 0.702096 0.0420164 64.4192 -0.0213659 -0.0381754 0.99941 0.375728
0.704544 -0.710603 -0.0157561 117.474 0.71064 0.703632 0.037995 64.9925 -0.0158976 -0.0379431 0.999524 0.383594
0.704914 -0.710106 -0.021157 118.046 0.71045 0.704353 0.026674 65.5738 -0.00402749 -0.0338126 0.999795 0.378568
0.704136 -0.710822 -0.0232725 118.661 0.711234 0.703853 0.0177823 66.1869 0.00374978 -0.029054 0.999949 0.420077
0.703484 -0.711617 -0.0185512 119.266 0.711893 0.703065 0.0223835 66.8052 -0.00287436 -0.0289332 0.99996 0.428783
0.702973 -0.712353 -0.00556295 119.876 0.712121 0.702369 0.0341854 67.4415 -0.020428 -0.0279729 0.999786 0.389734
0.702007 -0.713311 0.00607504 120.485 0.712552 0.701509 0.0421272 68.0511 -0.0342903 -0.0252255 0.999484 0.345991
0.701509 -0.713834 0.00242152 121.083 0.713288 0.700994 0.0382468 68.6361 -0.0289793 -0.0250838 0.999659 0.343543
0.70089 -0.714386 -0.00997339 121.635 0.714292 0.700218 0.0336215 69.2587 -0.0170186 -0.0306668 0.999782 0.379425
0.699865 -0.715289 -0.016168 122.22 0.715455 0.69928 0.02817 69.8533 -0.00882961 -0.0312601 0.999873 0.358696
0.698782 -0.716354 -0.0162808 122.791 0.716531 0.698223 0.0272806 70.4464 -0.008161 -0.0307064 0.9999 0.357495
0.696445 -0.718676 -0.0144785 123.381 0.718791 0.695881 0.0279481 71.0157 -0.00999574 -0.0298488 0.999912 0.370396
0.693363 -0.7216 -0.0172171 123.924 0.72178 0.692712 0.029831 71.5982 -0.00958491 -0.0330862 0.999818 0.36592
0.689971 -0.724746 -0.0213166 124.486 0.725059 0.689257 0.0305638 72.2512 -0.00744432 -0.0365175 0.99972 0.359561
0.68706 -0.727409 -0.0247222 125.044 0.727829 0.686208 0.033426 72.8562 -0.00733551 -0.0409301 0.999554 0.378498
0.685557 -0.728628 -0.030247 125.6 0.729262 0.684476 0.0376503 73.4594 -0.00671537 -0.0478364 0.999255 0.378064
0.684332 -0.729802 -0.0299683 126.169 0.730408 0.68317 0.0393289 74.0818 -0.00821395 -0.0487689 0.999202 0.383012
0.683779 -0.730445 -0.0270476 126.759 0.730881 0.682519 0.0419412 74.7033 -0.0121589 -0.0484125 0.999183 0.374271
0.682068 -0.732097 -0.0258806 127.323 0.732474 0.68082 0.0419518 75.2972 -0.013076 -0.047536 0.999217 0.36005
0.680332 -0.733707 -0.0262991 127.874 0.734149 0.679281 0.0375684 75.9273 -0.00968421 -0.0448325 0.999384 0.374876
0.677048 -0.736848 -0.023364 128.41 0.73722 0.676293 0.0309468 76.5177 -0.00698781 -0.038146 0.999688 0.366624
0.672235 -0.741202 -0.024901 128.953 0.741631 0.671479 0.0306425 77.1011 -0.00597757 -0.0390345 0.999663 0.376781
0.66747 -0.745624 -0.0211446 129.513 0.74589 0.66667 0.032498 77.719 -0.0101192 -0.0374314 0.999695 0.37681
0.662901 -0.749864 -0.014177 130.015 0.74982 0.66206 0.0363145 78.3254 -0.0178265 -0.0346722 0.99969 0.364515
0.660156 -0.752339 -0.0114898 130.557 0.752043 0.659118 0.0433843 78.9283 -0.0250452 -0.0372482 0.999446 0.341031
0.656852 -0.755208 -0.0132139 131.095 0.754845 0.655575 0.0483332 79.557 -0.027816 -0.0416862 0.999201 0.304787
0.653147 -0.758416 -0.0137603 131.607 0.758099 0.651901 0.0472461 80.1897 -0.026839 -0.041254 0.999249 0.331858
0.647966 -0.762794 -0.0170031 132.153 0.762794 0.646991 0.0385465 80.8187 -0.0183823 -0.0379121 0.999576 0.336561
0.643036 -0.766905 -0.0195345 132.685 0.767084 0.64224 0.0326424 81.4088 -0.0124701 -0.0359411 0.999743 0.32739
0.637663 -0.771353 -0.0209518 133.176 0.771572 0.636829 0.0331303 82.0497 -0.0121947 -0.0372569 0.999702 0.318645
0.631802 -0.776063 -0.0246427 133.703 0.77633 0.630635 0.039979 82.7259 -0.0154661 -0.0443502 0.99937 0.320828
0.625272 -0.781264 -0.0270707 134.203 0.781612 0.624004 0.0413274 83.3583 -0.0153756 -0.0469581 0.999256 0.314391
0.618165 -0.786696 -0.0326621 134.681 0.787332 0.616921 0.0392497 84.0257 -0.0107094 -0.0499352 0.999176 0.310234
0.611282 -0.792049 -0.0331155 135.203 0.792737 0.610246 0.0347548 84.7195 -0.00730202 -0.0474543 0.99933 0.285593
0.604829 -0.797011 -0.0328146 135.723 0.797666 0.60373 0.0360102 85.3873 -0.00887172 -0.0479115 0.999299 0.279018
0.599453 -0.801188 -0.0298978 136.176 0.801621 0.598099 0.0419127 86.078 -0.0156775 -0.0490461 0.999163 0.27026
0.592553 -0.806356 -0.0287713 136.68 0.806591 0.590874 0.0487169 86.7578 -0.0222593 -0.052026 0.998891 0.268348
0.586636 -0.810703 -0.0281565 137.184 0.810865 0.584906 0.0499405 87.4337 -0.0239934 -0.0520791 0.998851 0.24834
0.581221 -0.814636 -0.0272716 137.68 0.814707 0.579443 0.0512571 88.1502 -0.0259278 -0.0519604 0.998812 0.23472
0.577488 -0.817311 -0.026859 138.149 0.817373 0.57576 0.0504799 88.8006 -0.0257675 -0.0510555 0.998866 0.230511
0.573707 -0.819803 -0.0318096 138.638 0.820133 0.571887 0.0499218 89.4992 -0.0227094 -0.0546761 0.998752 0.251706
0.570439 -0.821741 -0.0398391 139.067 0.82258 0.568636 0.0468696 90.1872 -0.015838 -0.0594516 0.998614 0.235151
0.567726 -0.823461 -0.0431659 139.521 0.824527 0.566013 0.0445552 90.8682 -0.0122356 -0.0608296 0.998585 0.19388
0.565507 -0.825031 -0.0425381 139.991 0.825968 0.563447 0.0502271 91.5885 -0.017447 -0.0634791 0.998346 0.202015
0.563522 -0.826548 -0.0395431 140.422 0.82711 0.561004 0.0582911 92.2646 -0.0259685 -0.0654924 0.998034 0.179421
0.560938 -0.828468 -0.0362092 140.946 0.828636 0.558146 0.0639272 93.0028 -0.0327202 -0.0657995 0.997818 0.146073
0.556536 -0.831554 -0.0335181 141.387 0.831613 0.553982 0.0615832 93.6591 -0.0326099 -0.0620848 0.998062 0.143314
0.552328 -0.834607 -0.026869 141.827 0.834681 0.550723 0.0479404 94.3291 -0.0251863 -0.0488507 0.999014 0.1434
0.54642 -0.83842 -0.0291625 142.25 0.838716 0.545023 0.0425429 95.0006 -0.0197493 -0.0476505 0.999197 0.136883
0.540616 -0.841873 -0.0370534 142.694 0.842503 0.538889 0.0459112 95.7085 -0.0186582 -0.0559776 0.998789 0.108771
0.534446 -0.845896 -0.0351062 143.154 0.846285 0.532452 0.0513236 96.4341 -0.0246935 -0.0570774 0.998598 0.0941527
0.52785 -0.850304 -0.0279573 143.592 0.850297 0.526054 0.0511549 97.1197 -0.0287598 -0.0507146 0.998835 0.080818
0.523047 -0.853548 -0.0178538 144.04 0.85312 0.52164 0.0494947 97.8074 -0.0329009 -0.0410648 0.999152 0.0328051
0.518229 -0.856611 -0.0106812 144.457 0.856059 0.517224 0.0450612 98.5202 -0.0330436 -0.0324457 0.999467 0.034615
0.51215 -0.860314 -0.00601383 144.905 0.859859 0.511509 0.0375036 99.2723 -0.0291591 -0.0243333 0.99982 0.0687076
0.506481 -0.863692 -0.0017933 145.296 0.863506 0.506216 0.0229064 99.9549 -0.018852 -0.0131122 1.00028 0.0502175
0.50063 -0.867102 -0.00328581 145.755 0.867008 0.500398 0.0183707 100.692 -0.0142629 -0.0120087 1.00037 0.0388288
0.494791 -0.870452 -0.00445895 146.196 0.870264 0.494449 0.0248349 101.476 -0.0193877 -0.0161284 1.00023 0.0186127
0.490284 -0.873005 -0.00511267 146.606 0.872473 0.48965 0.0387911 102.242 -0.0313297 -0.0234336 0.999785 -0.0247184
0.486554 -0.8751 -0.00504529 147.045 0.874268 0.485712 0.0471829 103.011 -0.0388031 -0.027319 0.999427 -0.057486
0.48363 -0.876737 -0.0034964 147.439 0.875884 0.482866 0.046579 103.752 -0.0391127 -0.0255411 0.999464 -0.0410159
0.481569 -0.877862 -0.00685378 147.857 0.877383 0.480902 0.0380936 104.523 -0.0301124 -0.024311 0.999809 -0.0249056
0.479067 -0.879063 -0.0189069 148.222 0.879044 0.478231 0.0333518 105.286 -0.0202479 -0.032546 0.999825 -0.0564287
0.47672 -0.880241 -0.0234047 148.575 0.88041 0.475875 0.0311749 106 -0.0162767 -0.0354139 0.999802 -0.0965614
0.474901 -0.88138 -0.0170343 148.981 0.881322 0.474142 0.0320607 106.726 -0.0201523 -0.0301872 0.999905 -0.109272
0.47478 -0.881539 -0.0120172 149.404 0.881171 0.473948 0.0386404 107.495 -0.0283345 -0.0288834 0.999748 -0.150409
0.475132 -0.881376 -0.0107539 149.809 0.880784 0.474163 0.0445541 108.256 -0.0341334 -0.0305876 0.999518 -0.169238
0.47284 -0.882586 -0.013212 150.191 0.882018 0.47174 0.0460389 109.022 -0.0343634 -0.0333666 0.999423 -0.182048
0.471197 -0.883428 -0.0160652 150.602 0.883163 0.470239 0.0390926 109.764 -0.0269472 -0.0325536 0.999679 -0.17713
0.469122 -0.88453 -0.0167505 151.023 0.884533 0.468496 0.0275522 110.488 -0.016495 -0.0276904 1.00005 -0.177684
0.46768 -0.885445 -0.00547359 151.403 0.885396 0.467456 0.0148443 111.249 -0.0105614 -0.0117475 1.00045 -0.196423
0.466899 -0.885869 -0.00544594 151.799 0.885799 0.466656 0.0164417 112.02 -0.0119992 -0.0124588 1.00043 -0.225478
0.465929 -0.886367 -0.00844022 152.166 0.886107 0.465401 0.0301445 112.754 -0.0227596 -0.0214755 1.00009 -0.244818
0.464261 -0.887256 -0.00812735 152.559 0.886798 0.463576 0.0373506 113.572 -0.0293363 -0.0244962 0.999852 -0.228843
0.463455 -0.887705 -0.00610329 152.98 0.88732 0.462925 0.0329817 114.365 -0.0264187 -0.020652 1.00002 -0.223271
0.463545 -0.887626 -0.0106758 153.36 0.88744 0.463002 0.0286157 115.054 -0.020426 -0.0226888 1.00012 -0.2451
0.463223 -0.887756 -0.0142026 153.734 0.887637 0.462588 0.029494 115.862 -0.0195822 -0.0262166 1.00005 -0.260488
0.46251 -0.888107 -0.016071 154.153 0.887973 0.46175 0.0326143 116.651 -0.0215113 -0.0293002 0.999931 -0.276852
0.462257 -0.888214 -0.01798 154.508 0.888007 0.461275 0.038207 117.365 -0.0256063 -0.0335693 0.999702 -0.274531
0.461962 -0.888389 -0.0175321 154.866 0.88808 0.460887 0.0412776 118.093 -0.0285521 -0.0345787 0.99959 -0.303374
0.461513 -0.888589 -0.0196632 155.246 0.888326 0.460341 0.0422845 118.842 -0.0284831 -0.0369203 0.999511 -0.31218
0.461044 -0.888844 -0.0196649 155.648 0.888697 0.460033 0.0377945 119.598 -0.0245104 -0.0348404 0.999693 -0.309576
0.459803 -0.889373 -0.0247036 156.004 0.889473 0.45879 0.0347889 120.329 -0.0195722 -0.0379067 0.999692 -0.31619
0.458374 -0.890038 -0.0275631 156.383 0.890213 0.457234 0.036549 121.038 -0.0198921 -0.0412249 0.999557 -0.331444
0.45679 -0.890933 -0.0252172 156.712 0.890803 0.455353 0.044928 121.765 -0.0285045 -0.0429183 0.999279 -0.367818
0.455673 -0.891689 -0.0180774 157.082 0.89111 0.454272 0.0497173 122.479 -0.0360754 -0.0386969 0.999209 -0.433329
0.4548 -0.89228 -0.00946113 157.507 0.891438 0.453757 0.048731 123.215 -0.0391424 -0.0305341 0.999378 -0.399842
0.454666 -0.892316 -0.0129893 157.776 0.891721 0.453612 0.0449251 123.875 -0.0341512 -0.0319452 0.999519 -0.378935
0.454752 -0.892254 -0.0148687 158.082 0.891858 0.453778 0.0405154 124.502 -0.0293613 -0.031622 0.999683 -0.38922
0.455829 -0.891681 -0.0168529 158.421 0.891491 0.454974 0.0350299 125.117 -0.0235293 -0.0309293 0.999861 -0.388707
0.455929 -0.89169 -0.0140618 158.76 0.891563 0.455322 0.0282812 125.773 -0.0187802 -0.0253722 1.00012 -0.419692
0.458358 -0.890479 -0.0125797 159.06 0.890396 0.457889 0.0234934 126.391 -0.0151274 -0.0219127 1.00027 -0.402345
0.46244 -0.888372 -0.0130059 159.358 0.888305 0.461974 0.0230511 126.951 -0.0144369 -0.0221559 1.00027 -0.394411
0.467612 -0.88571 -0.0101129 159.656 0.885522 0.467118 0.026571 127.593 -0.018775 -0.0213227 1.00022 -0.383169
0.472893 -0.882941 -0.00746648 159.986 0.882514 0.472282 0.0344735 128.199 -0.0268711 -0.0228319 1 -0.401439
0.478323 -0.880022 -0.00763113 160.31 0.879442 0.477574 0.0398902 128.819 -0.0314156 -0.0257291 0.999803 -0.4221
0.483924 -0.876933 -0.0108999 160.602 0.876446 0.483074 0.0398029 129.4 -0.0295951 -0.0287502 0.999778 -0.452665
0.490741 -0.873142 -0.0114715 160.894 0.872866 0.490075 0.0324086 129.949 -0.0226358 -0.025855 1.00004 -0.444621
0.496779 -0.86967 -0.0155635 161.226 0.869641 0.496238 0.0246713 130.546 -0.0136983 -0.0257295 1.00021 -0.459727
0.503319 -0.865831 -0.0196468 161.547 0.865943 0.502802 0.0220724 131.134 -0.00920055 -0.0280598 1.0002 -0.439334
0.509752 -0.862024 -0.0216431 161.856 0.862173 0.50915 0.0243733 131.71 -0.00995792 -0.0310194 1.0001 -0.447877
0.514228 -0.859515 -0.0150277 162.205 0.859437 0.513629 0.0272121 132.234 -0.0156346 -0.0268449 1.00015 -0.445761
0.519703 -0.856314 -0.00899895 162.574 0.856031 0.519139 0.0301604 132.783 -0.021116 -0.0233153 1.00014 -0.476822
0.524319 -0.853542 -0.00465092 162.938 0.853184 0.523866 0.0293522 133.344 -0.0225771 -0.0192975 1.0002 -0.464563
0.527799 -0.851409 -0.00428311 163.278 0.85103 0.527342 0.0299379 133.889 -0.0231903 -0.0193853 1.00018 -0.481245
0.527513 -0.851595 -0.00492958 163.595 0.851181 0.527001 0.031882 134.421 -0.0245109 -0.0209518 1.00012 -0.514669
