0.468958 -0.883093 0.0150211 0.673445 0.883212 0.468959 -0.0036732 0.561436 -0.0038005 0.0149894 0.99988 0.791764
0.468012 -0.88358 0.0158237 1.0941 0.883718 0.467989 -0.00541075 1.37781 -0.00262447 0.016516 0.99986 0.794238
0.467262 -0.883958 0.016851 1.51986 0.88411 0.467258 -0.00440531 2.20159 -0.00397967 0.0169566 0.999848 0.796334
0.467129 -0.884019 0.0173616 1.94568 0.884154 0.467196 -0.000274735 3.03387 -0.00786838 0.0154786 0.999849 0.801119
0.467689 -0.8837 0.0184801 2.37498 0.883817 0.467821 0.00335548 3.86834 -0.0116106 0.0147637 0.999824 0.806499
0.468863 -0.88303 0.0206372 2.80936 0.883155 0.469052 0.00525927 4.70544 -0.014324 0.01576 0.999773 0.807057
0.470097 -0.882356 0.021373 3.24534 0.882479 0.470312 0.00615442 5.54534 -0.0154824 0.015968 0.999753 0.803485
0.47122 -0.881788 0.02003 3.68283 0.881917 0.471386 0.00429228 6.38689 -0.0132268 0.0156422 0.99979 0.798687
0.472196 -0.881337 0.0166164 4.12246 0.881456 0.472266 0.000316469 7.23281 -0.0081263 0.0144972 0.999862 0.795263
0.473348 -0.880743 0.0152862 4.56711 0.880864 0.47336 -0.00306271 8.08286 -0.00453841 0.0149148 0.999878 0.793323
0.474016 -0.880337 0.0177972 5.01856 0.880499 0.474035 -0.00340213 8.94021 -0.00544148 0.0172831 0.999836 0.794229
0.47371 -0.880411 0.0217918 5.47356 0.880621 0.473821 -0.000107113 9.80453 -0.0102311 0.0192411 0.999763 0.794236
0.472828 -0.880752 0.026643 5.93037 0.881038 0.47304 0.00194493 10.672 -0.0143162 0.0225539 0.999643 0.793609
0.471953 -0.880993 0.0333507 6.39366 0.881509 0.472164 -0.00172676 11.535 -0.0142257 0.0302139 0.999442 0.788342
0.470705 -0.881635 0.0340171 6.85119 0.882231 0.470771 -0.00652686 12.402 -0.01026 0.0330832 0.9994 0.780928
0.469498 -0.882378 0.0313101 7.30454 0.882914 0.469427 -0.0100568 13.2764 -0.0058239 0.0323657 0.999459 0.77771
0.467851 -0.883298 0.0300035 7.76722 0.883797 0.467738 -0.0111058 14.1743 -0.004224 0.0317128 0.999488 0.787296
0.466834 -0.883798 0.0311064 8.25036 0.884322 0.466785 -0.0092602 15.1159 -0.00633585 0.0318311 0.999473 0.820633
0.465799 -0.884386 0.0298722 8.72396 0.884841 0.465866 -0.00510241 16.0487 -0.0094039 0.0288088 0.999541 0.846246
0.464629 -0.884993 0.030127 9.19854 0.885444 0.464729 -0.00401181 16.98 -0.0104505 0.0285398 0.999538 0.870036
0.463646 -0.885495 0.0305236 9.66922 0.885931 0.463814 -0.00173826 17.9023 -0.0126181 0.0278478 0.999533 0.884666
0.463423 -0.885526 0.0329029 10.1406 0.885985 0.463712 0.00131853 18.8277 -0.0164251 0.0285404 0.999458 0.898956
0.462932 -0.885929 0.0286987 10.5967 0.886209 0.463255 0.00543462 19.7454 -0.0181095 0.0229172 0.999573 0.903
0.462953 -0.885937 0.0281228 11.0559 0.886189 0.463282 0.00620278 20.6612 -0.0185241 0.0220505 0.999585 0.906627
0.46288 -0.885992 0.0275842 11.5132 0.886261 0.463164 0.00460866 21.565 -0.0168593 0.0223135 0.999609 0.90474
0.463145 -0.885952 0.0242028 11.9633 0.88617 0.463349 0.00327668 22.4667 -0.0141173 0.0199302 0.999702 0.907495
0.462366 -0.886363 0.0240424 12.4167 0.886582 0.462561 0.00300533 23.361 -0.0137849 0.019926 0.999706 0.914292
0.461154 -0.886922 0.0265771 12.8724 0.887189 0.461394 0.00338187 24.2535 -0.0152619 0.0220193 0.999641 0.918637
0.460352 -0.88733 0.0268639 13.3208 0.887589 0.460617 0.00431695 25.1444 -0.0162045 0.0218567 0.99963 0.925321
0.460141 -0.887535 0.0235066 13.7603 0.887731 0.460346 0.00388124 26.0298 -0.0142659 0.0190816 0.999716 0.930336
0.459651 -0.887864 0.0204658 14.1971 0.888053 0.45974 -0.000399462 26.9081 -0.00905427 0.0183583 0.99979 0.932905
0.459248 -0.888094 0.019517 14.6382 0.888273 0.459314 -0.00121411 27.7867 -0.0078862 0.017894 0.999809 0.934888
0.458886 -0.888239 0.0213241 15.082 0.888427 0.459015 0.00132014 28.6652 -0.0109607 0.0183392 0.999772 0.94413
0.458531 -0.88832 0.0252141 15.5238 0.888568 0.458737 0.00272737 29.5379 -0.0139894 0.0211538 0.999678 0.948134
0.458249 -0.888417 0.0268981 15.9621 0.888697 0.458485 0.00300995 30.4067 -0.0150065 0.022525 0.999634 0.950647
0.458141 -0.888401 0.0291571 16.3985 0.888766 0.45836 0.000960606 31.267 -0.0142179 0.0254737 0.999574 0.950086
0.457725 -0.888543 0.0313008 16.8393 0.889006 0.45789 -0.00209638 32.1263 -0.0124696 0.0287862 0.999508 0.948707
0.456669 -0.889023 0.0330363 17.2735 0.88954 0.456852 -0.00220577 32.9829 -0.0131317 0.0303944 0.999452 0.947698
0.455556 -0.889412 0.0376093 17.7106 0.890038 0.455886 0.000222034 33.8429 -0.017343 0.0333726 0.999292 0.944383
0.454854 -0.889582 0.0418448 18.1415 0.890275 0.455403 0.0041447 34.7048 -0.0227433 0.0353682 0.999116 0.936441
0.454281 -0.889879 0.0417669 18.5628 0.890507 0.45492 0.00677398 35.5612 -0.0250286 0.0341165 0.999104 0.928108
0.453043 -0.890625 0.0392323 18.9826 0.891203 0.453573 0.00535717 36.4059 -0.022566 0.0325369 0.999216 0.921661
0.45201 -0.891361 0.0341054 19.3986 0.891895 0.452241 -0.00105802 37.2343 -0.0144808 0.0308967 0.999418 0.915048
0.451231 -0.891887 0.0304644 19.8115 0.892368 0.45127 -0.00598573 38.0541 -0.00840908 0.0298864 0.999518 0.913362
0.450045 -0.892618 0.0263001 20.2121 0.892959 0.450128 -0.00301713 38.8753 -0.00914528 0.0248428 0.99965 0.915875
0.449159 -0.893112 0.0246607 20.6106 0.893373 0.449315 0.000907575 39.6841 -0.011891 0.0216235 0.999695 0.92377
0.447878 -0.893798 0.0230344 21.0013 0.893989 0.448072 0.00382902 40.4804 -0.0137435 0.0188776 0.999727 0.931763
0.446794 -0.894354 0.0225002 21.3867 0.894544 0.446968 0.00311507 41.2618 -0.0128428 0.0187356 0.999742 0.934341
0.445318 -0.895111 0.0216298 21.7634 0.89527 0.445503 0.00440795 42.0336 -0.0135817 0.0174016 0.999756 0.936999
0.443951 -0.895809 0.020807 22.1338 0.895938 0.444144 0.00553715 42.7935 -0.0142016 0.0161836 0.999768 0.941752
0.442482 -0.896523 0.0213889 22.4995 0.89665 0.442695 0.00631708 43.5414 -0.0151322 0.0163832 0.999751 0.945329
0.441153 -0.897158 0.0221658 22.8599 0.897293 0.441385 0.00668022 44.2787 -0.0157769 0.0169423 0.999732 0.946586
0.439833 -0.897828 0.0212625 23.21 0.897899 0.440096 0.009632 45.0054 -0.0180054 0.0148552 0.999728 0.94821
0.438648 -0.898394 0.0218323 23.5549 0.898378 0.438989 0.0143436 45.7252 -0.0224703 0.0133219 0.999659 0.948187
0.436914 -0.899266 0.020642 23.8958 0.89917 0.437262 0.0171682 46.4268 -0.0244647 0.0110597 0.99964 0.951664
0.435588 -0.899999 0.0162684 24.2191 0.899898 0.435821 0.015592 47.1102 -0.0211229 0.00784821 0.999746 0.955621
0.434618 -0.900536 0.0119226 24.5349 0.90051 0.434731 0.00955262 47.7734 -0.0137856 0.00658466 0.999883 0.959875
0.43336 -0.901165 0.0100176 24.8422 0.901184 0.433416 0.00419068 48.4194 -0.0081183 0.00721165 0.999941 0.961093
0.432949 -0.901381 0.00827237 25.1403 0.901401 0.43298 0.00234436 49.0521 -0.00569494 0.00644174 0.999963 0.966584
0.432221 -0.901735 0.00770757 25.4279 0.901725 0.432268 0.00607215 49.6689 -0.00880721 0.00432559 0.999952 0.978414
0.431014 -0.902307 0.00832684 25.7093 0.902265 0.43108 0.0093422 50.2652 -0.0120191 0.0034864 0.999922 0.995832
0.429868 -0.902842 0.00952912 25.9844 0.902843 0.42993 0.00580331 50.8376 -0.00933633 0.00610865 0.999938 1.00773
0.42986 -0.902785 0.0141517 26.2573 0.902884 0.429881 -0.00172662 51.3891 -0.00452479 0.0135196 0.999898 1.0171
0.430764 -0.902334 0.0153412 26.5181 0.902464 0.430681 -0.00849074 51.9252 0.00105433 0.0175024 0.999846 1.02932
0.433308 -0.901141 0.0137773 26.7681 0.901244 0.433224 -0.00870676 52.4537 0.00187737 0.0161894 0.999867 1.04163
0.436694 -0.899553 0.0101459 27.0105 0.899609 0.436682 -0.00348129 52.9731 -0.00129892 0.0106476 0.999942 1.05582
0.440705 -0.897562 0.0127338 27.2569 0.89764 0.440727 -0.00119749 53.473 -0.0045373 0.0119581 0.999918 1.06655
0.445267 -0.895205 0.0185749 27.5096 0.895356 0.44535 0.000340282 53.9557 -0.00857696 0.0164797 0.999827 1.07847
0.452154 -0.891609 0.0243031 27.7577 0.891845 0.452335 0.00226452 54.4259 -0.0130122 0.0206507 0.999702 1.09097
0.461278 -0.88698 0.0221267 27.9946 0.88716 0.461451 0.00315721 54.8818 -0.0130108 0.0181736 0.99975 1.09889
0.474135 -0.880286 0.0170924 28.2221 0.880356 0.474281 0.0055673 55.3295 -0.0130074 0.0124077 0.999838 1.10561
0.489774 -0.871752 0.0130602 28.4545 0.871736 0.489897 0.00877715 55.7598 -0.0140496 0.00708621 0.999876 1.11082
0.508188 -0.861129 0.0141989 28.6994 0.861115 0.508329 0.00909049 56.1665 -0.0150458 0.0076072 0.999858 1.11331
0.529879 -0.847886 0.0178119 28.9534 0.847909 0.530073 0.00855287 56.5529 -0.0166935 0.0105709 0.999805 1.11742
0.553939 -0.832316 0.0200388 29.2136 0.832341 0.554183 0.00946649 56.9255 -0.0189843 0.0114352 0.999754 1.12068
0.580416 -0.81404 0.0213811 29.4813 0.814039 0.580705 0.0110241 57.2854 -0.0213902 0.0110065 0.999711 1.12282
0.609773 -0.792268 0.0221172 29.7601 0.792239 0.61009 0.0121427 57.6282 -0.0231138 0.0101178 0.999682 1.12275
0.641585 -0.766729 0.0222424 30.0482 0.766673 0.64191 0.0128038 57.9555 -0.0240947 0.00883793 0.999671 1.12032
0.675202 -0.737279 0.0228317 30.3485 0.737202 0.675542 0.0132873 58.261 -0.0252202 0.00786001 0.999651 1.11938
0.710393 -0.703498 0.0208086 30.6578 0.703373 0.710682 0.0140418 58.5431 -0.0246667 0.004661 0.999685 1.12085
0.747152 -0.664378 0.0191339 30.9786 0.664251 0.747392 0.0132648 58.8007 -0.0231134 0.00279893 0.999729 1.12126
0.784168 -0.620273 0.0185068 31.3098 0.620148 0.784384 0.012545 59.0319 -0.0222978 0.00163962 0.99975 1.11754
0.82016 -0.571861 0.0176762 31.6496 0.571728 0.82035 0.0123397 59.2369 -0.0215572 -1.45333e-05 0.999768 1.11083
0.854501 -0.519177 0.0168189 31.9969 0.519048 0.854666 0.0116326 59.4148 -0.020414 -0.00121026 0.999791 1.10323
0.886216 -0.462951 0.017243 32.3533 0.462865 0.886384 0.00890949 59.5616 -0.0194086 8.54516e-05 0.999812 1.09759
0.91411 -0.40509 0.0174733 32.7133 0.405008 0.914277 0.00817745 59.6853 -0.019288 -0.000398272 0.999814 1.09598
0.938021 -0.346022 0.0196061 33.0799 0.345923 0.938226 0.00834818 59.7861 -0.0212836 -0.00104857 0.999773 1.09369
0.957908 -0.286232 0.021983 33.4543 0.286058 0.958152 0.0107739 59.8639 -0.0241469 -0.00403206 0.9997 1.08743
0.973808 -0.226135 0.0236832 33.8297 0.225932 0.974082 0.010957 59.9167 -0.0255472 -0.00531921 0.999659 1.07938
0.985751 -0.166518 0.0237963 34.2087 0.166369 0.98603 0.00810082 59.9389 -0.0248128 -0.00402643 0.999684 1.07037
0.993769 -0.108801 0.0241835 34.5849 0.108776 0.994063 0.00235731 59.9379 -0.0242964 0.000287963 0.999705 1.06272
0.998289 -0.0534752 0.0236633 34.9592 0.0533979 0.998566 0.00388742 59.9247 -0.0238372 -0.0026172 0.999712 1.05784
0.999726 0.000700234 0.0233924 35.3357 -0.000901151 0.999963 0.00857954 59.8991 -0.0233855 -0.00859827 0.99969 1.05154
0.998427 0.0513613 0.0225048 35.7119 -0.0516055 0.998613 0.0104046 59.8532 -0.0219392 -0.0115496 0.999693 1.04457
0.995 0.0975045 0.0216142 36.0821 -0.0976229 0.995213 0.00449212 59.7794 -0.0210727 -0.0065797 0.999756 1.0368
0.989938 0.139744 0.0222327 36.455 -0.139551 0.990164 -0.0100372 59.6784 -0.0234167 0.00683357 0.999702 1.02524
0.983969 0.176771 0.0236049 36.8257 -0.176421 0.984182 -0.016183 59.5751 -0.0260923 0.0117592 0.99959 1.01575
0.977418 0.210212 0.0215639 37.1999 -0.209961 0.977619 -0.013331 59.4782 -0.0238836 0.00850241 0.999679 1.00865
0.970272 0.241178 0.0201108 37.5768 -0.241197 0.970475 -0.00154721 59.3844 -0.0198902 -0.00334945 0.999797 1.00873
0.962809 0.269513 0.0190298 37.9544 -0.269661 0.962939 0.00564699 59.273 -0.0168026 -0.0105686 0.999803 1.01224
0.955514 0.294455 0.0169702 38.3354 -0.294583 0.95561 0.00549768 59.1373 -0.0145981 -0.0102522 0.999841 1.01117
0.94818 0.317448 0.0134872 38.7166 -0.317486 0.948263 0.000724108 58.9828 -0.0125595 -0.00496857 0.999909 1.00682
0.94152 0.336934 0.00383876 39.1026 -0.336915 0.941523 -0.00477382 58.8112 -0.00522274 0.00320131 0.999981 0.987021
0.934693 0.35543 -0.00438652 39.4977 -0.355446 0.93469 -0.00358807 58.6414 0.00282473 0.00491292 0.999984 0.968829
0.928186 0.372088 -0.00458592 39.9114 -0.372094 0.928195 -0.000557145 58.4661 0.00404932 0.00222353 0.999989 0.963725
0.922286 0.386504 0.00167935 40.3401 -0.386505 0.922287 0.000442812 58.2773 -0.0013777 -0.00105748 0.999999 0.969398
0.91649 0.400022 0.00527562 40.7705 -0.400023 0.916505 -0.000873649 58.0722 -0.00518461 -0.00130968 0.999986 0.974873
0.910944 0.412478 0.00659334 41.2064 -0.412463 0.910967 -0.00353964 57.8538 -0.00746634 0.000504901 0.999972 0.977059
0.90594 0.423367 0.00577645 41.6487 -0.423326 0.90595 -0.00711225 57.6221 -0.00824427 0.00399795 0.999958 0.974939
0.901426 0.432916 0.0038176 42.1025 -0.432865 0.901407 -0.00966894 57.3803 -0.00762704 0.00706333 0.999946 0.972883
0.897647 0.44071 0.00223751 42.5694 -0.440661 0.897604 -0.01123 57.1297 -0.00695757 0.00909459 0.999934 0.971262
0.894941 0.446182 0.00121058 43.0507 -0.446134 0.894878 -0.0125573 56.8691 -0.00668617 0.010698 0.99992 0.968112
0.892315 0.451414 -0.000414951 43.5456 -0.451379 0.892233 -0.0132829 56.6005 -0.00562584 0.0120398 0.999912 0.962512
0.889428 0.457074 -0.00139389 44.058 -0.457051 0.889345 -0.0130421 56.3215 -0.00472156 0.0122371 0.999914 0.955176
0.887265 0.461253 -0.00249977 44.587 -0.461235 0.88715 -0.0150448 56.029 -0.00472177 0.0145017 0.999884 0.950041
0.885608 0.464423 -0.00316325 45.1251 -0.464408 0.885466 -0.0165855 55.7226 -0.00490176 0.0161573 0.999857 0.943906
0.883972 0.467527 -0.00332678 45.6814 -0.467509 0.883812 -0.0176289 55.4083 -0.00530173 0.0171387 0.999839 0.938884
0.882472 0.470351 -0.0035266 46.2498 -0.470327 0.882283 -0.0192181 55.0797 -0.00592781 0.0186181 0.999809 0.93292
0.881764 0.471659 -0.00544906 46.8312 -0.471651 0.881479 -0.0232392 54.7417 -0.00615774 0.0230615 0.999715 0.926483
0.881821 0.47153 -0.00713158 47.4243 -0.471541 0.881437 -0.0267935 54.393 -0.00634791 0.02699 0.999616 0.918555
0.882598 0.470059 -0.00803764 48.0371 -0.470084 0.882156 -0.0286666 54.0408 -0.00638456 0.0290795 0.999557 0.911192
0.884037 0.467319 -0.00953922 48.666 -0.467379 0.883523 -0.03073 53.684 -0.0059326 0.0316249 0.999482 0.904537
0.885769 0.464022 -0.00985964 49.3117 -0.464089 0.885224 -0.0316099 53.3208 -0.00593969 0.0325748 0.999452 0.898277
0.88752 0.460681 -0.00907652 49.977 -0.460709 0.886911 -0.0336883 52.9567 -0.00746949 0.0340807 0.999391 0.895822
0.889304 0.457249 -0.0078632 50.6568 -0.457232 0.888677 -0.0345282 52.5903 -0.00880015 0.0343014 0.999373 0.893882
0.891152 0.45368 -0.00465068 51.3563 -0.453572 0.8906 -0.0332324 52.2237 -0.010935 0.0317246 0.999437 0.889532
0.892964 0.450118 -0.00308567 52.0618 -0.449967 0.89244 -0.0328716 51.8556 -0.0120423 0.0307416 0.999455 0.884033
0.894754 0.446551 -0.0026992 52.7772 -0.44642 0.894306 -0.0304281 51.4887 -0.0111738 0.0284306 0.999533 0.880444
0.896258 0.443509 -0.00452746 53.4966 -0.44346 0.895881 -0.0272158 51.1236 -0.00801441 0.0264002 0.999619 0.87938
0.896887 0.4422 -0.0073302 54.2225 -0.442255 0.896671 -0.0197674 50.7616 -0.00216837 0.020971 0.999778 0.878544
0.896741 0.44247 -0.00868852 54.951 -0.442555 0.896597 -0.016114 50.3929 0.000660128 0.0182952 0.999832 0.878044
0.896771 0.442427 -0.0077292 55.6829 -0.442494 0.896664 -0.0138651 50.0224 0.000796214 0.0158539 0.999874 0.885298
0.896735 0.44255 -0.00391315 56.4168 -0.442563 0.896651 -0.0124756 49.6519 -0.00201234 0.0129191 0.999915 0.896593
0.896665 0.442693 -0.00372975 57.1462 -0.442701 0.896569 -0.013429 49.2775 -0.00260096 0.0136925 0.999903 0.90526
0.896743 0.442549 -0.00169503 57.8763 -0.442536 0.896669 -0.012117 48.9039 -0.0038425 0.011616 0.999925 0.914699
0.8966 0.442841 -0.000802178 58.6041 -0.442823 0.896545 -0.0106759 48.529 -0.00400853 0.00992723 0.999943 0.927359
0.896632 0.442777 -0.000283848 59.3308 -0.442764 0.896602 -0.00809987 48.1594 -0.00333193 0.00738828 0.999967 0.936201
0.896103 0.443845 0.000117461 60.0562 -0.443839 0.896093 -0.00494368 47.7897 -0.00229949 0.00437792 0.999988 0.944514
0.894887 0.446291 0.0015705 60.7814 -0.446287 0.894887 -0.00238076 47.4202 -0.00246793 0.00142961 0.999996 0.953358
0.893168 0.449705 0.00407367 61.5045 -0.449707 0.893176 -0.000547683 47.0472 -0.0038848 -0.00134278 0.999992 0.962663
0.890962 0.454016 0.00744037 62.2272 -0.454031 0.890986 0.000273789 46.6709 -0.00650496 -0.00362209 0.999972 0.973182
0.888063 0.459598 0.0106591 62.9456 -0.459634 0.888108 0.00111529 46.2885 -0.00895388 -0.00588975 0.999943 0.982164
0.884616 0.466183 0.0113023 63.6562 -0.466229 0.884662 0.00172546 45.9004 -0.00919434 -0.00679583 0.999935 0.989481
0.880521 0.473882 0.0108824 64.3584 -0.473936 0.880555 0.0028671 45.5092 -0.00822384 -0.00768208 0.999937 0.994693
0.875687 0.482772 0.0101297 65.0538 -0.482821 0.875714 0.0029231 45.1076 -0.00745955 -0.00745056 0.999944 0.999337
0.87068 0.491739 0.010435 65.7426 -0.491781 0.870717 0.00175286 44.7019 -0.00822397 -0.00665791 0.999944 1.00539
0.8653 0.501103 0.0123362 66.4234 -0.501161 0.865352 0.00196827 44.2936 -0.00968888 -0.00788559 0.999922 1.01182
0.859634 0.510755 0.0125957 67.0981 -0.510804 0.859697 0.000765655 43.8756 -0.0104374 -0.00709211 0.99992 1.01442
0.853883 0.520312 0.0126059 67.7632 -0.520359 0.853947 0.000536795 43.4526 -0.0104855 -0.00701796 0.99992 1.01694
0.84805 0.529776 0.0121735 68.4188 -0.529824 0.848107 0.000893767 43.0271 -0.00985092 -0.00720776 0.999925 1.02041
0.842287 0.538906 0.0115776 69.0668 -0.538959 0.84233 0.00186268 42.5971 -0.00874834 -0.00780875 0.999931 1.0233
0.836642 0.547649 0.0105071 69.7039 -0.547695 0.836676 0.00194065 42.1637 -0.00772822 -0.0073783 0.999943 1.02577
0.831328 0.555699 0.00961705 70.3299 -0.555737 0.831356 0.00175505 41.7276 -0.00701991 -0.00680358 0.999952 1.02936
0.825912 0.563726 0.00907351 70.945 -0.563761 0.825937 0.0015821 41.2882 -0.00660227 -0.00642196 0.999958 1.03452
0.820487 0.571596 0.00884968 71.5514 -0.571627 0.820512 0.00125124 40.8491 -0.00654607 -0.00608535 0.99996 1.03854
0.81544 0.578779 0.00848566 72.1463 -0.578801 0.815469 8.59601e-05 40.4068 -0.00687004 -0.0049816 0.999964 1.0438
0.811016 0.584957 0.00883114 72.7321 -0.584966 0.811056 -0.00187593 39.9638 -0.00825989 -0.0036445 0.999959 1.0492
0.807808 0.589382 0.00867291 73.3064 -0.58936 0.807854 -0.00509857 39.5224 -0.0100114 -0.000992799 0.999949 1.05643
0.805348 0.59274 0.00859273 73.8751 -0.592679 0.805392 -0.00871525 39.0817 -0.0120864 0.00192609 0.999925 1.05978
0.803554 0.595168 0.00872433 74.4348 -0.595077 0.803593 -0.0110433 38.6481 -0.0135834 0.00368226 0.999901 1.06164
0.802451 0.596648 0.00906671 74.9816 -0.596544 0.802492 -0.0118776 38.2249 -0.0143627 0.00412247 0.999888 1.06333
0.801807 0.597518 0.00882531 75.5188 -0.59741 0.801843 -0.0122068 37.8088 -0.0143703 0.0045152 0.999887 1.06432
0.802159 0.597064 0.00737066 76.0408 -0.596961 0.802174 -0.0123962 37.4028 -0.0133139 0.00554377 0.999896 1.06517
0.803792 0.594883 0.00574245 76.5501 -0.594787 0.803784 -0.0126595 37.0093 -0.0121466 0.0067601 0.999903 1.06629
0.806624 0.591044 0.00494145 77.0492 -0.590957 0.806609 -0.0123398 36.6312 -0.0112792 0.00703338 0.999912 1.06803
0.811067 0.584934 0.00477193 77.5366 -0.584857 0.811055 -0.0115412 36.2722 -0.0106212 0.00656983 0.999922 1.07071
0.817271 0.576232 0.00489457 78.0131 -0.576163 0.817265 -0.0106769 35.9293 -0.0101526 0.00590589 0.999931 1.07465
0.824868 0.565305 0.00485421 78.4769 -0.565239 0.824862 -0.0103981 35.6051 -0.00988212 0.00583324 0.999934 1.07936
0.834152 0.551519 0.00416128 78.9318 -0.551471 0.834147 -0.00890796 35.3051 -0.00838402 0.00513577 0.999952 1.08373
0.845233 0.534392 0.00236268 79.3871 -0.534368 0.845225 -0.00666431 35.0229 -0.00555835 0.00437036 0.999975 1.09174
0.857705 0.514142 0.000253802 79.843 -0.514137 0.857699 -0.00384318 34.7565 -0.00219362 0.00316582 0.999993 1.10009
0.871652 0.490125 -0.000804 80.3033 -0.490126 0.87165 -0.00188358 34.5026 -0.000222384 0.00203589 0.999998 1.10684
0.887029 0.461714 -0.000495813 80.7699 -0.461715 0.887028 -0.00108784 34.265 -6.24734e-05 0.00119387 0.999999 1.1139
0.903569 0.42844 0.00130972 81.2419 -0.428437 0.903569 -0.00195541 34.0457 -0.0020212 0.00120572 0.999997 1.12146
0.920583 0.390519 0.00465931 81.7212 -0.390511 0.920595 -0.00258072 33.8506 -0.00529715 0.000556252 0.999986 1.13013
0.937074 0.349002 0.00952013 82.2049 -0.348992 0.937122 -0.00276528 33.681 -0.00988661 -0.000731178 0.999951 1.13843
0.952783 0.303323 0.0141407 82.6962 -0.303339 0.952882 -0.00104164 33.5343 -0.0137904 -0.00329696 0.9999 1.14674
0.967247 0.253282 0.0167878 83.1873 -0.253335 0.967378 0.00112241 33.423 -0.0159559 -0.0053386 0.999858 1.15575
0.979909 0.198713 0.0171003 83.674 -0.198769 0.980045 0.00164964 33.3378 -0.0164312 -0.0050155 0.999852 1.15931
0.990183 0.139008 0.0146313 84.1566 -0.139004 0.990291 -0.00132917 33.2787 -0.014674 -0.000717681 0.999892 1.16273
0.997147 0.0748363 0.00990862 84.6324 -0.0748113 0.997194 -0.00287524 33.255 -0.010096 0.00212576 0.999947 1.16642
0.999957 0.00835264 0.00403121 85.1039 -0.00832947 0.999949 -0.00573106 33.2637 -0.00407887 0.00569723 0.999975 1.17067
0.998233 -0.059423 -0.00021208 85.5697 0.0594216 0.998224 -0.00423819 33.3127 0.00046355 0.0042181 0.999991 1.1735
0.991856 -0.127315 -0.00353001 86.0291 0.127305 0.991859 -0.00292385 33.3954 0.00387352 0.00245065 0.999989 1.17668
0.980802 -0.194918 -0.00579607 86.4811 0.194896 0.980815 -0.00410918 33.5067 0.00648582 0.00290067 0.999975 1.18154
0.965359 -0.260874 -0.00519441 86.9249 0.260842 0.965362 -0.00617384 33.6464 0.00662508 0.00460505 0.999967 1.1895
0.945643 -0.325204 -0.00100281 87.3586 0.325193 0.94563 -0.00584929 33.8177 0.00285049 0.00520523 0.999982 1.19941
0.921687 -0.3879 0.00526859 87.779 0.387923 0.921681 -0.00446139 34.0204 -0.00312539 0.00615581 0.999976 1.2107
0.894489 -0.446978 0.0100199 88.1843 0.447017 0.894523 -0.00197804 34.2548 -0.00807887 0.00624839 0.999948 1.22032
0.865052 -0.501445 0.0154429 88.5792 0.501491 0.865162 0.000964941 34.5131 -0.0138445 0.00690976 0.99988 1.2262
0.835033 -0.549892 0.0183836 88.9606 0.549886 0.835219 0.00581752 34.7972 -0.0185533 0.00525106 0.999814 1.23336
0.806082 -0.591504 0.0188457 89.3276 0.591439 0.806295 0.00942449 35.1008 -0.0207698 0.0035492 0.999778 1.23648
0.779605 -0.626058 0.0163748 89.6843 0.625848 0.779773 0.0164056 35.4309 -0.0230395 -0.00254172 0.999731 1.23279
0.755764 -0.654731 0.012219 90.0299 0.654506 0.755841 0.0180287 35.7672 -0.0210396 -0.00562805 0.999763 1.22382
0.733915 -0.679172 0.00974195 90.3758 0.678953 0.733946 0.0185945 36.1121 -0.0197789 -0.00703245 0.99978 1.214
0.717347 -0.696588 0.0133609 90.7262 0.696453 0.717471 0.0136905 36.4559 -0.0191227 -0.000515616 0.999817 1.20743
0.70578 -0.708254 0.0158225 91.0746 0.708162 0.705952 0.0118032 36.8096 -0.0195296 0.00287446 0.999805 1.20592
0.69637 -0.717566 0.012937 91.4202 0.717434 0.69649 0.013806 37.179 -0.0189172 -0.000332619 0.999821 1.19882
0.689197 -0.724519 0.00892816 91.7696 0.724325 0.689231 0.0177148 37.5622 -0.0189883 -0.00574207 0.999803 1.18531
0.684581 -0.72893 0.0030194 92.1211 0.728722 0.684474 0.0214567 37.953 -0.0177071 -0.0124885 0.999765 1.17808
0.682447 -0.730926 -0.00361035 92.4809 0.730801 0.68222 0.0224837 38.3499 -0.0139709 -0.0179824 0.999741 1.17559
0.681774 -0.731536 -0.00625766 92.8522 0.731467 0.681522 0.0219774 38.7491 -0.0118125 -0.0195609 0.999739 1.17706
0.683368 -0.730039 -0.00716525 93.2354 0.730018 0.68316 0.0191219 39.1516 -0.0090647 -0.018298 0.999791 1.17683
0.686464 -0.727103 -0.00938817 93.6293 0.72716 0.686364 0.01191 39.5569 -0.00221612 -0.0150025 0.999885 1.17197
0.689542 -0.724148 -0.0119116 94.0291 0.724239 0.689512 0.00712988 39.9705 0.00305009 -0.0135432 0.999904 1.16813
0.69272 -0.721049 -0.015069 94.4385 0.721203 0.692637 0.0110067 40.4041 0.00250092 -0.0184924 0.999826 1.17074
0.696815 -0.717082 -0.0155479 94.8578 0.717249 0.696608 0.0170418 40.8477 -0.00138954 -0.0230267 0.999734 1.17565
0.700382 -0.71368 -0.0112102 95.2968 0.713744 0.700141 0.0192934 41.2895 -0.0059206 -0.021514 0.999751 1.18036
0.703079 -0.711095 -0.00484355 95.749 0.711014 0.702853 0.0213612 41.7352 -0.0117855 -0.0184624 0.99976 1.18364
0.705561 -0.70865 -0.00018847 96.2085 0.708453 0.705359 0.0237199 42.1893 -0.0166762 -0.0168694 0.999719 1.18468
0.70786 -0.706343 0.00373056 96.6748 0.706123 0.707754 0.0217751 42.6467 -0.018021 -0.0127795 0.999756 1.18055
0.708311 -0.705884 0.00494245 97.1487 0.705734 0.708278 0.0168115 43.1064 -0.0153676 -0.00841972 0.999846 1.17613
0.708178 -0.706029 0.00256894 97.6253 0.705971 0.708158 0.0108213 43.5739 -0.00945941 -0.00584984 0.999938 1.17227
0.707778 -0.70643 -0.00272882 98.1041 0.706434 0.707763 0.00486143 44.0523 -0.00150291 -0.00536854 0.999985 1.16865
0.706125 -0.708045 -0.00777853 98.5927 0.708081 0.706123 0.00351422 44.5449 0.00300437 -0.00798931 0.999964 1.16618
0.704315 -0.709869 -0.00505805 99.0959 0.709887 0.70429 0.00596045 45.05 -0.000668811 -0.00778868 0.999969 1.16621
0.703044 -0.711144 0.00189985 99.6127 0.711102 0.703028 0.00924437 45.5658 -0.00790972 -0.00514821 0.999955 1.17132
0.701173 -0.71297 0.00553636 100.132 0.712838 0.701162 0.0152713 46.0924 -0.0147699 -0.00676132 0.999868 1.17708
0.699795 -0.714337 0.003183 100.649 0.714196 0.699733 0.0172501 46.6264 -0.0145496 -0.00979824 0.999846 1.177
0.698437 -0.715663 -0.00355265 101.166 0.715603 0.698292 0.017337 47.1694 -0.00992669 -0.0146511 0.999843 1.17338
0.69584 -0.718159 -0.00742252 101.695 0.718183 0.695724 0.0134722 47.7151 -0.00451117 -0.0147052 0.999882 1.16867
0.692861 -0.721018 -0.00872216 102.233 0.72107 0.692791 0.00991408 48.2709 -0.0011056 -0.0131584 0.999913 1.16658
0.690097 -0.723688 -0.00650103 102.78 0.723713 0.690033 0.00972389 48.8394 -0.00255114 -0.0114153 0.999932 1.16903
0.687464 -0.726214 -0.00261907 103.334 0.726208 0.68743 0.0079381 49.4137 -0.00396433 -0.00735914 0.999965 1.17395
0.68604 -0.727564 5.62416e-05 103.894 0.727532 0.68601 0.00937414 50.0009 -0.00685887 -0.00639012 0.999956 1.17905
0.684879 -0.728648 0.00373273 104.466 0.728596 0.684878 0.00951302 50.6039 -0.00948811 -0.00379561 0.999948 1.17907
0.684369 -0.729088 0.00837699 105.041 0.729055 0.684419 0.00698828 51.2051 -0.0108284 0.00132473 0.99994 1.1779
0.683894 -0.72953 0.00862039 105.616 0.72948 0.683948 0.00856963 51.8175 -0.0121477 0.000427687 0.999926 1.1787
0.684245 -0.729239 0.00433499 106.186 0.729178 0.684248 0.0102493 52.4336 -0.0104404 -0.00385205 0.999938 1.17902
0.684698 -0.728824 -0.00182606 106.759 0.728791 0.684637 0.0116759 53.0542 -0.00725946 -0.00932525 0.99993 1.17862
0.685245 -0.728265 -0.00833413 107.334 0.72829 0.685088 0.0157777 53.6782 -0.00578074 -0.0168812 0.999841 1.17736
0.687103 -0.726438 -0.0133172 107.914 0.726532 0.6868 0.0213873 54.3096 -0.00639032 -0.0243706 0.999683 1.18025
0.689482 -0.724164 -0.0141945 108.501 0.724245 0.689047 0.0261361 54.9395 -0.00914616 -0.0283006 0.999558 1.18557
0.691292 -0.722424 -0.0147982 109.097 0.722524 0.690855 0.0260375 55.563 -0.00858669 -0.0286916 0.999551 1.18849
0.6928 -0.720943 -0.0164204 109.693 0.72111 0.692431 0.0232377 56.1878 -0.00538312 -0.02794 0.999595 1.18675
0.693528 -0.72035 -0.0106609 110.305 0.720402 0.693297 0.0189984 56.8197 -0.00629433 -0.0208561 0.999763 1.17747
0.69384 -0.720106 -0.00582413 110.917 0.720103 0.693724 0.014104 57.4449 -0.00611601 -0.0139799 0.999884 1.17354
0.694905 -0.719087 -0.00456677 111.523 0.719075 0.694812 0.0129308 58.0726 -0.00612531 -0.0122695 0.999906 1.17293
0.695651 -0.718355 -0.00595578 112.124 0.718336 0.695494 0.016784 58.7068 -0.00791468 -0.0159541 0.999841 1.1701
0.696309 -0.717729 -0.00431309 112.727 0.717623 0.696071 0.0223875 59.3416 -0.0130659 -0.0186838 0.99974 1.16664
0.696999 -0.717062 -0.00367498 113.33 0.716816 0.696605 0.0302499 59.9717 -0.019131 -0.0237184 0.999536 1.16775
0.697919 -0.716149 -0.00639375 113.926 0.716053 0.697604 0.0248192 60.5738 -0.013314 -0.0219001 0.999671 1.17426
0.698273 -0.715745 -0.0111355 114.523 0.715832 0.69819 0.0107618 61.1603 7.19628e-05 -0.0154858 0.99988 1.1821
0.69799 -0.715968 -0.0141238 115.123 0.71602 0.698077 -0.0018156 61.7459 0.0111594 -0.00884568 0.999899 1.19125
0.697376 -0.716638 -0.00981773 115.728 0.716685 0.697395 0.00194336 62.3506 0.00545415 -0.00839147 0.99995 1.20397
0.696416 -0.717614 0.0058805 116.34 0.717457 0.696401 0.016788 62.9682 -0.0161425 -0.00747242 0.999842 1.21812
0.695195 -0.718606 0.0175905 116.947 0.718019 0.695368 0.0302113 63.5819 -0.0339419 -0.00837239 0.999389 1.23141
0.694823 -0.719057 0.0133444 117.534 0.718586 0.694884 0.0277578 64.1751 -0.0292322 -0.00969763 0.999526 1.22376
0.6942 -0.719781 -0.000658718 118.109 0.719653 0.694059 0.0194993 64.7591 -0.013578 -0.0140105 0.99981 1.20502
0.693442 -0.720485 -0.00626794 118.691 0.720499 0.69335 0.0121499 65.3413 -0.00440793 -0.0129413 0.999907 1.18856
0.692099 -0.721789 -0.00440367 119.28 0.721798 0.692057 0.00805139 65.9267 -0.00276381 -0.00875092 0.999958 1.18876
0.690135 -0.723677 -0.00226695 119.859 0.723654 0.690079 0.0107228 66.5258 -0.00619546 -0.00904066 0.99994 1.18937
0.687582 -0.726101 -0.00281763 120.427 0.726092 0.687539 0.00895109 67.1201 -0.00456217 -0.00820048 0.999956 1.17833
0.68406 -0.729413 -0.0043834 120.993 0.729423 0.684026 0.00715087 67.7114 -0.00221758 -0.00808898 0.999965 1.1634
0.681703 -0.731593 -0.00725304 121.549 0.731622 0.681619 0.011148 68.3117 -0.00321196 -0.0129061 0.999912 1.15938
0.68005 -0.733051 -0.0129808 122.103 0.733165 0.679909 0.0139196 68.9122 -0.00137797 -0.0189831 0.999819 1.15236
0.67867 -0.734322 -0.013339 122.662 0.734434 0.678455 0.0174679 69.5128 -0.00377715 -0.0216516 0.999758 1.15142
0.677612 -0.735358 -0.00947762 123.224 0.735371 0.677363 0.020222 70.1104 -0.00845059 -0.0206722 0.999751 1.15056
0.676648 -0.736261 -0.00823342 123.781 0.736251 0.676417 0.0198697 70.704 -0.00906002 -0.0195066 0.999769 1.14959
0.674779 -0.737967 -0.0087657 124.333 0.737999 0.674625 0.0154428 71.298 -0.0054827 -0.0168895 0.999842 1.14731
0.671479 -0.740991 -0.00698662 124.881 0.741019 0.671412 0.00985901 71.8848 -0.00261454 -0.0117973 0.999927 1.14136
0.66664 -0.745359 -0.00556148 125.426 0.74538 0.666615 0.00574431 72.484 -0.000574209 -0.0079748 0.999968 1.14046
0.661583 -0.749868 -0.00250283 125.966 0.749856 0.661544 0.00866516 73.0964 -0.00484199 -0.00760949 0.999959 1.14354
0.656858 -0.754005 0.00365328 126.505 0.75389 0.65683 0.0149625 73.7139 -0.0136814 -0.00707409 0.999881 1.14774
0.653505 -0.756834 0.0115769 127.036 0.756588 0.653595 0.0197003 74.3362 -0.0224765 -0.00411524 0.999739 1.14291
0.650338 -0.759597 0.00849391 127.552 0.759183 0.650292 0.027575 74.962 -0.0264695 -0.0114847 0.999584 1.1353
0.647029 -0.762458 0.00331521 128.062 0.762155 0.646884 0.0257152 75.5817 -0.0217514 -0.0141118 0.999664 1.1256
0.641802 -0.766867 -0.00232575 128.573 0.766783 0.64168 0.0170475 76.1931 -0.0115808 -0.0127245 0.999852 1.11353
0.636788 -0.771031 -0.00365604 129.087 0.771024 0.636737 0.00939882 76.8127 -0.00491884 -0.00880395 0.999949 1.10092
0.631632 -0.775265 -0.00238205 129.602 0.775252 0.631595 0.00853822 77.4449 -0.00511489 -0.0072397 0.999961 1.09728
0.625585 -0.780135 -0.00563969 130.109 0.780105 0.625445 0.0159821 78.0932 -0.00894086 -0.0143977 0.999856 1.10148
0.619425 -0.784982 -0.0107686 130.606 0.785014 0.619193 0.0187637 78.7424 -0.00806135 -0.0200762 0.999766 1.10066
0.611647 -0.790969 -0.0159761 131.103 0.791127 0.611457 0.0154804 79.3848 -0.00247586 -0.0221077 0.999753 1.09667
0.604769 -0.796231 -0.0164353 131.6 0.796401 0.604651 0.0119505 80.0309 0.000422265 -0.0203164 0.999794 1.08913
0.598301 -0.801115 -0.0158089 132.094 0.80127 0.598161 0.0130043 80.6897 -0.000961743 -0.0204477 0.99979 1.08574
0.591972 -0.805822 -0.0148115 132.576 0.80592 0.591666 0.0205886 81.3637 -0.00782725 -0.0241247 0.999678 1.08158
0.585459 -0.810574 -0.0143841 133.052 0.810587 0.584986 0.0271954 82.0439 -0.0136294 -0.0275813 0.999527 1.0806
0.579275 -0.815044 -0.0119648 133.526 0.814943 0.578763 0.0300314 82.72 -0.0175522 -0.0271471 0.999477 1.07717
0.57404 -0.818751 -0.0111549 133.998 0.818603 0.573512 0.0311866 83.3964 -0.0191366 -0.0270338 0.999451 1.07138
0.570412 -0.82128 -0.0113484 134.463 0.82116 0.569917 0.029825 84.0752 -0.018027 -0.0263314 0.999491 1.06643
0.566748 -0.823695 -0.0179687 134.92 0.823804 0.566239 0.0268245 84.7546 -0.0119206 -0.0300054 0.999479 1.06269
0.5638 -0.82548 -0.026702 135.366 0.825887 0.563242 0.025871 85.4389 -0.00631631 -0.0366389 0.999309 1.0561
0.561522 -0.826938 -0.0294335 135.815 0.827457 0.561046 0.0232704 86.1249 -0.0027296 -0.0374218 0.999296 1.04755
0.55894 -0.828737 -0.027945 136.275 0.829165 0.558246 0.0291214 86.8225 -0.00853376 -0.0394481 0.999185 1.0397
0.55712 -0.830057 -0.0249427 136.731 0.830239 0.556092 0.0382733 87.528 -0.0178986 -0.0420312 0.998956 1.03067
0.554379 -0.831986 -0.021538 137.188 0.831852 0.553104 0.0457986 88.2298 -0.026191 -0.0433062 0.998718 1.02248
0.550436 -0.834614 -0.0209936 137.638 0.834527 0.549301 0.0428198 88.9197 -0.0242062 -0.0410892 0.998862 1.0097
0.546114 -0.837544 -0.0167311 138.091 0.837561 0.545528 0.0298439 89.5979 -0.0158683 -0.0303114 0.999415 0.994031
0.540354 -0.841288 -0.0158664 138.537 0.841394 0.540039 0.020314 90.2829 -0.00852149 -0.0243266 0.999668 0.973793
0.534517 -0.844957 -0.0184232 138.97 0.845099 0.534094 0.0234955 90.9876 -0.010013 -0.0281281 0.999554 0.959367
0.528255 -0.848963 -0.0144644 139.407 0.848954 0.527795 0.0266323 91.6981 -0.0149756 -0.0263483 0.999541 0.949658
0.521929 -0.852946 -0.00859364 139.847 0.85276 0.521529 0.028426 92.4096 -0.019764 -0.0221647 0.999559 0.93847
0.51696 -0.856009 -0.000296134 140.288 0.855725 0.516779 0.0259549 93.1255 -0.0220646 -0.013671 0.999663 0.922343
0.51174 -0.859131 0.00403089 140.723 0.858834 0.511677 0.0243098 93.8474 -0.0229478 -0.00897842 0.999696 0.909807
0.506534 -0.862209 0.00424136 141.147 0.862041 0.506523 0.0178718 94.5679 -0.0175576 -0.00539645 0.999831 0.897569
0.500526 -0.865702 0.00573945 141.567 0.86569 0.500554 0.0052588 95.2819 -0.00742546 0.00233641 0.99997 0.881867
0.494549 -0.869065 0.0121541 141.994 0.86915 0.494495 -0.00733257 95.9966 0.000362338 0.01419 0.999899 0.871872
0.488947 -0.872196 0.0143234 142.409 0.872282 0.489004 0.000489938 96.7398 -0.00743152 0.0122545 0.999897 0.8651
0.484198 -0.874875 0.0120987 142.811 0.874721 0.484343 0.016573 97.5014 -0.0203592 0.00255833 0.999789 0.860399
0.479777 -0.877323 0.0109338 143.209 0.876904 0.479888 0.0273332 98.2594 -0.0292271 -0.00352594 0.999567 0.855718
0.476318 -0.879212 0.0103522 143.606 0.878839 0.47642 0.0258161 99.0051 -0.0276298 -0.00319875 0.999613 0.841397
0.474836 -0.880064 0.00415049 143.996 0.879906 0.474833 0.0172775 99.7464 -0.0171761 -0.00455196 0.999842 0.824506
0.472514 -0.881267 -0.00997238 144.375 0.881294 0.472376 0.013436 100.495 -0.00712994 -0.0151373 0.99986 0.812284
0.470778 -0.882171 -0.0119553 144.767 0.882244 0.470676 0.0104341 101.246 -0.00357755 -0.0154597 0.999874 0.804559
0.468357 -0.883526 -0.00480714 145.176 0.883512 0.468292 0.0104458 102 -0.00697799 -0.00913952 0.999934 0.802472
0.46793 -0.883766 -0.000426438 145.578 0.883621 0.467844 0.0183311 102.764 -0.0160009 -0.00895446 0.999832 0.799524
0.468145 -0.883651 0.00103067 145.975 0.883369 0.468025 0.0247344 103.532 -0.022339 -0.0106689 0.999694 0.798509
0.466708 -0.88441 0.001432 146.373 0.884161 0.466614 0.0230248 104.29 -0.0210315 -0.00947974 0.999734 0.795877
0.464982 -0.885319 -0.00158716 146.766 0.885216 0.464899 0.0161551 105.043 -0.0135645 -0.00891679 0.999868 0.792254
0.46319 -0.886257 0.0016607 147.169 0.886257 0.463192 0.00141763 105.786 -0.00202561 0.000815174 0.999998 0.787475
0.461251 -0.887222 0.00919413 147.576 0.887263 0.461183 -0.00858834 106.531 0.00337958 0.012119 0.999921 0.787794
0.460148 -0.887785 0.0100835 147.971 0.887842 0.460131 -0.00409455 107.296 -0.00100464 0.0108366 0.999941 0.792684
0.45892 -0.88842 0.0100996 148.361 0.888417 0.458992 0.0064946 108.067 -0.0104056 0.00599215 0.999928 0.802873
0.457335 -0.889231 0.0106718 148.746 0.889147 0.457445 0.0126955 108.827 -0.016171 0.00368274 0.999862 0.808397
0.45652 -0.889649 0.0107018 149.133 0.889627 0.456611 0.00839398 109.573 -0.0123542 0.00568855 0.999907 0.806727
0.456528 -0.889679 0.00734032 149.518 0.889689 0.456558 0.00293701 110.316 -0.00596427 0.00518978 0.999969 0.803249
0.456336 -0.889807 0.000539306 149.891 0.889797 0.456334 0.00443392 111.069 -0.00419143 -0.00154349 0.99999 0.802573
0.45591 -0.890026 -0.000249171 150.271 0.889986 0.455887 0.0095805 111.822 -0.0084133 -0.00458961 0.999954 0.805893
0.455137 -0.890419 -0.00193889 150.649 0.890348 0.455071 0.013846 112.571 -0.0114464 -0.00802812 0.999902 0.809855
0.454811 -0.890582 -0.00324869 151.025 0.890472 0.454689 0.0178245 113.32 -0.014397 -0.0109996 0.999836 0.808103
0.454343 -0.890801 -0.00681376 151.395 0.890712 0.454148 0.0195141 114.066 -0.0142887 -0.0149352 0.999786 0.805919
0.453837 -0.891061 -0.00641902 151.766 0.891002 0.453686 0.0168648 114.805 -0.0121154 -0.0133732 0.999837 0.804288
0.452993 -0.891446 -0.0109976 152.128 0.891492 0.45286 0.012609 115.535 -0.00625988 -0.015516 0.99986 0.79956
0.451892 -0.891984 -0.0125562 152.488 0.892058 0.451758 0.0121378 116.266 -0.00515431 -0.0166858 0.999847 0.793155
0.454407 -0.890701 -0.0128984 152.812 0.890783 0.454281 0.0116399 116.9 -0.00450817 -0.0167789 0.999849 0.786832
0.457095 -0.88932 -0.0131985 153.134 0.88941 0.456976 0.0111262 117.53 -0.00386334 -0.0168246 0.999851 0.780518
0.459778 -0.887931 -0.013502 153.456 0.888028 0.459667 0.0106143 118.16 -0.00321832 -0.0168704 0.999852 0.774202
0.462457 -0.886534 -0.0138086 153.778 0.886638 0.462354 0.0101044 118.79 -0.00257346 -0.0169161 0.999854 0.767887
0.465131 -0.885129 -0.0141184 154.1 0.88524 0.465036 0.00959657 119.42 -0.00192865 -0.0169618 0.999854 0.761572
0.467801 -0.883716 -0.0144314 154.422 0.883833 0.467715 0.00909056 120.05 -0.00128368 -0.0170075 0.999855 0.755255
0.470467 -0.882294 -0.0147476 154.744 0.882417 0.470389 0.00858652 120.68 -0.000638714 -0.0170532 0.999854 0.748937
0.473128 -0.880865 -0.015067 155.066 0.880993 0.473059 0.00808447 121.31 6.27642e-06 -0.0170989 0.999854 0.742619
0.475785 -0.879427 -0.0153896 155.388 0.879561 0.475725 0.00758443 121.941 0.000651268 -0.0171446 0.999853 0.7363
0.478438 -0.877981 -0.0157153 155.71 0.87812 0.478387 0.00708641 122.571 0.00129627 -0.0171903 0.999851 0.729981
0.481086 -0.876527 -0.0160441 156.032 0.876671 0.481044 0.00659044 123.201 0.00194125 -0.017236 0.99985 0.723662
0.483728 -0.875065 -0.0163761 156.354 0.875214 0.483697 0.00609663 123.831 0.0025861 -0.0172817 0.999847 0.717344
0.486366 -0.873595 -0.0167111 156.676 0.873749 0.486345 0.0056049 124.461 0.00323094 -0.0173273 0.999845 0.711025
0.489 -0.872117 -0.0170492 156.998 0.872275 0.488988 0.00511523 125.091 0.0038758 -0.017373 0.999842 0.704705
0.491628 -0.870632 -0.0173904 157.32 0.870794 0.491627 0.0046278 125.72 0.00452048 -0.0174186 0.999838 0.698387
0.494251 -0.869139 -0.0177346 157.641 0.869304 0.49426 0.00414261 126.35 0.00516499 -0.0174642 0.999834 0.692071
0.500284 -0.865689 -0.0172896 157.958 0.865849 0.500284 0.00462128 126.925 0.00464912 -0.0172821 0.99984 0.691243
0.505455 -0.862776 -0.011522 158.285 0.862853 0.505395 0.00779032 127.486 -0.000898153 -0.0138794 0.999903 0.694804
0.510574 -0.859831 -0.0021278 158.621 0.8598 0.51053 0.0101454 128.039 -0.00763702 -0.00700946 0.999946 0.702785
0.515425 -0.856924 0.00432137 158.956 0.856885 0.515443 0.0081921 128.581 -0.00924742 -0.000519501 0.999957 0.708166
0.518523 -0.855051 0.00457474 159.285 0.854998 0.518542 0.00964936 129.126 -0.0106229 -0.00109202 0.999943 0.709774
0.519461 -0.854491 0.00233295 159.612 0.854422 0.51945 0.0116316 129.673 -0.0111509 -0.00404883 0.99993 0.708233
0.519518 -0.854455 0.00267795 159.945 0.854371 0.519507 0.0127801 130.224 -0.0123112 -0.00435152 0.999915 0.702412
0.518562 -0.855031 0.0039838 160.279 0.854904 0.518557 0.0154322 130.782 -0.0152609 -0.00459682 0.999873 0.698536
0.518613 -0.854998 0.00433464 160.613 0.854815 0.518597 0.0186499 131.348 -0.0181935 -0.00596675 0.999817 0.69186
0.518661 -0.854967 -0.00474924 160.933 0.85486 0.518487 0.0196465 131.915 -0.0143346 -0.0142498 0.999796 0.684747
0.518033 -0.85525 -0.0137639 161.255 0.855344 0.517854 0.0146385 132.48 -0.00539191 -0.0193561 0.999798 0.677882
0.516281 -0.856244 -0.0173141 161.585 0.856414 0.516246 0.00678907 133.043 0.00312524 -0.0183331 0.999827 0.673494
