0.468958 -0.883093 0.0150211 0.673445 0.883212 0.468959 -0.0036732 0.561436 -0.0038005 0.0149894 0.99988 0.791764
0.467395 -0.883902 0.016109 1.09359 0.884041 0.467387 -0.0044955 1.33213 -0.00355554 0.0163422 0.99986 0.806246
0.466974 -0.884126 0.0160046 1.53761 0.884259 0.466985 -0.00329682 2.20703 -0.00455909 0.0156917 0.999867 0.807462
0.466927 -0.884148 0.0161724 1.99705 0.884269 0.466978 -0.000702152 3.08191 -0.00693133 0.0146286 0.999869 0.805901
0.467313 -0.883904 0.0182541 2.42489 0.884029 0.467428 0.0023826 3.91747 -0.0106384 0.0150237 0.999831 0.788869
0.468413 -0.883304 0.0190549 2.86986 0.883404 0.468582 0.00543428 4.76477 -0.0137289 0.0142877 0.999804 0.77713
0.469918 -0.882455 0.0212356 3.32942 0.882582 0.470125 0.00580988 5.62341 -0.0151103 0.016012 0.999759 0.76583
0.471479 -0.88157 0.023277 3.78414 0.881752 0.471694 0.00448205 6.48032 -0.0149308 0.0184113 0.99972 0.758715
0.472598 -0.881032 0.0208311 4.20756 0.881222 0.472706 0.000271525 7.32063 -0.0100862 0.0182285 0.999784 0.765422
0.473851 -0.880416 0.0182864 4.6371 0.880589 0.473871 -0.00348308 8.16009 -0.00559879 0.0177532 0.999828 0.769164
0.474774 -0.879975 0.0153546 5.11852 0.880089 0.47481 -0.00141174 9.00932 -0.00604819 0.0141836 0.999882 0.766544
0.475078 -0.879797 0.0161083 5.59407 0.879892 0.475171 0.00233561 9.8843 -0.00970902 0.0130639 0.999869 0.767135
0.475012 -0.879764 0.0195092 6.07106 0.879878 0.47518 0.0048402 10.7606 -0.0135285 0.0148665 0.999799 0.752194
0.474108 -0.879992 0.0289633 6.53845 0.880347 0.474334 0.00110348 11.6148 -0.0147093 0.0249745 0.999581 0.743456
0.472789 -0.880531 0.0337368 7.01494 0.881098 0.472917 -0.00455226 12.4828 -0.0119462 0.0318776 0.999422 0.749983
0.471331 -0.881197 0.0366346 7.47978 0.88192 0.4713 -0.0100022 13.3606 -0.00845192 0.0370229 0.99928 0.752227
0.469814 -0.881998 0.0368515 7.93926 0.882753 0.46965 -0.0134938 14.2434 -0.00540574 0.0388702 0.999231 0.748845
0.469061 -0.882513 0.0339776 8.41253 0.88315 0.468959 -0.0113907 15.1331 -0.00588156 0.0353501 0.999358 0.756381
0.467973 -0.883234 0.0300088 8.88914 0.883705 0.468012 -0.00610403 16.0381 -0.00865316 0.0293753 0.999531 0.748671
0.466819 -0.883944 0.0269342 9.36207 0.884288 0.466947 -0.00163789 16.9383 -0.011129 0.024582 0.999636 0.745814
0.465835 -0.884398 0.0290098 9.81599 0.884783 0.466009 -0.000773526 17.8257 -0.0128347 0.0260276 0.999578 0.737402
0.465192 -0.884653 0.0314286 10.2716 0.885074 0.465456 0.00128529 18.6873 -0.0157656 0.0272185 0.999504 0.745609
0.464659 -0.884909 0.0320884 10.7295 0.885308 0.464998 0.00366751 19.5818 -0.0181664 0.0267038 0.999477 0.729816
0.464804 -0.884911 0.0298754 11.1904 0.885208 0.465163 0.00612238 20.4791 -0.0193147 0.0236001 0.999533 0.730843
0.465058 -0.884854 0.0274932 11.6762 0.8851 0.465369 0.00597742 21.4029 -0.0180836 0.0215542 0.999602 0.740659
0.465445 -0.884703 0.0257697 12.124 0.884949 0.46568 0.00374903 22.2876 -0.0153171 0.0210597 0.999658 0.73125
0.464984 -0.884983 0.0244204 12.5796 0.885205 0.465195 0.00356529 23.1423 -0.0145154 0.019959 0.999692 0.726197
0.463665 -0.885643 0.0255684 13.046 0.885884 0.463898 0.00388465 24.0315 -0.0153015 0.0208492 0.999662 0.724692
0.462966 -0.885936 0.0279732 13.519 0.886229 0.463239 0.00395335 24.9171 -0.0164607 0.0229602 0.999596 0.702555
0.462672 -0.886072 0.0285241 13.9669 0.886402 0.462918 0.00244007 25.8007 -0.0153664 0.0241547 0.999585 0.728007
0.462142 -0.886465 0.0246184 14.3933 0.886746 0.462266 -0.000561576 26.6779 -0.0108824 0.0220896 0.999691 0.709099
0.461682 -0.886781 0.0217316 14.8592 0.887009 0.46176 -0.00141317 27.5868 -0.00878153 0.0199283 0.999757 0.703032
0.461429 -0.886943 0.0204489 15.3021 0.887116 0.461554 0.00181525 28.4328 -0.0110483 0.0173027 0.999782 0.706596
0.461608 -0.886792 0.0228018 15.7321 0.886972 0.461812 0.00456502 29.2708 -0.0145784 0.0181171 0.999722 0.716084
0.46097 -0.887038 0.025929 16.1778 0.887289 0.461209 0.00396281 30.1559 -0.0154739 0.0211795 0.999648 0.703538
0.460609 -0.887161 0.0280554 16.6389 0.887472 0.460865 0.00324529 31.0356 -0.0158089 0.0234033 0.999592 0.707319
0.460868 -0.886974 0.0296864 17.0927 0.887369 0.461075 0.000323988 31.8821 -0.0139751 0.0261932 0.99955 0.710244
0.460104 -0.887346 0.0304132 17.5284 0.887757 0.460328 0.000608786 32.7257 -0.0145404 0.0267191 0.999527 0.712456
0.458955 -0.887812 0.0339833 17.9796 0.888306 0.459266 0.00172247 33.5747 -0.0171368 0.0293967 0.99941 0.693576
0.457868 -0.888147 0.0394698 18.4264 0.888746 0.458391 0.00505762 34.4653 -0.0225848 0.0327625 0.999197 0.698015
0.457173 -0.888543 0.0386055 18.8726 0.88906 0.457751 0.00742914 35.2892 -0.0242731 0.0309258 0.999215 0.66429
0.456567 -0.888795 0.0399622 19.2924 0.889398 0.45712 0.00567712 36.143 -0.0233136 0.0329499 0.999173 0.660785
0.455255 -0.889575 0.0375019 19.6843 0.890227 0.455538 -0.000921879 36.9439 -0.0162636 0.0338044 0.999283 0.672239
0.45441 -0.890187 0.0329715 20.0849 0.890745 0.454502 -0.00486385 37.7483 -0.0106558 0.0315788 0.999431 0.675248
0.453725 -0.890689 0.0285794 20.4991 0.891094 0.453838 -0.00250655 38.5862 -0.0107378 0.0266036 0.999575 0.662356
0.453144 -0.891071 0.0257615 20.8987 0.891365 0.453312 0.00113459 39.3966 -0.012689 0.0224482 0.999654 0.655192
0.452225 -0.891575 0.0244694 21.329 0.891807 0.45243 0.00370148 40.2093 -0.0143709 0.0201475 0.99968 0.665655
0.451151 -0.892135 0.023863 21.7164 0.892345 0.451361 0.00441901 40.9942 -0.0147133 0.0192997 0.999692 0.66391
0.44942 -0.893028 0.0231462 22.0866 0.893209 0.449639 0.0055199 41.7598 -0.015337 0.018193 0.999703 0.662892
0.447872 -0.893836 0.0219416 22.4594 0.893975 0.448095 0.00688407 42.5157 -0.0159853 0.0165314 0.999721 0.659158
0.446925 -0.894305 0.0221657 22.8395 0.894445 0.447155 0.00712621 43.2812 -0.0162846 0.0166404 0.999715 0.657804
0.446015 -0.894772 0.02165 23.2008 0.894891 0.44625 0.00795733 44.035 -0.0167815 0.0158246 0.999719 0.661163
0.445092 -0.895263 0.0203261 23.5674 0.895312 0.445345 0.010858 44.748 -0.0187731 0.0133646 0.99972 0.655186
0.443705 -0.895975 0.0192703 23.9148 0.895921 0.443989 0.0152983 45.4593 -0.0222631 0.010476 0.999682 0.636426
0.442318 -0.896635 0.0204894 24.2608 0.896535 0.442657 0.0177898 46.1649 -0.0250212 0.0105 0.999617 0.599595
0.441302 -0.89716 0.0194077 24.5751 0.897108 0.441588 0.0152915 46.846 -0.0222895 0.0106619 0.999679 0.636439
0.439876 -0.897951 0.0146834 24.8949 0.897931 0.440033 0.0114035 47.5237 -0.0167011 0.0081678 0.999812 0.651963
0.439002 -0.898421 0.0117885 25.1982 0.898451 0.439077 0.00606411 48.1772 -0.0106241 0.00792842 0.999896 0.636483
0.438556 -0.898681 0.00810466 25.5101 0.898692 0.438591 0.00559699 48.7807 -0.00858436 0.00482818 0.999936 0.644992
0.438126 -0.898906 0.00630207 25.8169 0.898877 0.438155 0.00917434 49.4258 -0.0110081 0.00164447 0.999922 0.632231
0.436878 -0.899516 0.00591002 26.0926 0.899451 0.436905 0.0121759 50.0353 -0.0135346 -4.41354e-06 0.999892 0.643013
0.435853 -0.899982 0.00956361 26.3405 0.899984 0.435912 0.00755762 50.6011 -0.0109705 0.00531226 0.999909 0.660616
0.435784 -0.899972 0.0130799 26.63 0.900059 0.435823 0.00139341 51.1449 -0.00695433 0.0111645 0.999897 0.668325
0.436914 -0.899406 0.0143595 26.9075 0.899535 0.436891 -0.00390371 51.6836 -0.00276215 0.0146215 0.999872 0.673767
0.439601 -0.898132 0.0119943 27.1581 0.898229 0.439571 -0.0039423 52.193 -0.00173128 0.0125057 0.999903 0.672054
0.443276 -0.896347 0.0101584 27.4027 0.896417 0.443272 -0.0011014 52.7299 -0.00351538 0.0095934 0.99993 0.688636
0.447366 -0.894291 0.0120153 27.6726 0.894368 0.447392 0.00101253 53.2159 -0.00628088 0.0102921 0.999909 0.66632
0.452006 -0.891892 0.0160386 27.9346 0.891995 0.452094 0.0035096 53.7315 -0.0103812 0.0127191 0.999847 0.689053
0.459016 -0.888185 0.0217314 28.1624 0.888365 0.459182 0.00413171 54.1743 -0.0136486 0.0174079 0.999737 0.686415
0.468431 -0.883274 0.0210125 28.407 0.883416 0.468617 0.00585996 54.6287 -0.015023 0.0158168 0.999743 0.707691
0.480877 -0.87666 0.0164199 28.634 0.876701 0.481027 0.00840315 55.0612 -0.0152654 0.0103535 0.999811 0.707649
0.497055 -0.867667 0.0116988 28.8945 0.867619 0.497154 0.0117266 55.5008 -0.0159912 0.00432035 0.999844 0.697274
0.515698 -0.856719 0.0117378 29.1545 0.856653 0.515799 0.0126639 55.8893 -0.016904 0.00352353 0.999831 0.68734
0.537791 -0.842957 0.0160084 29.3792 0.842932 0.537958 0.0114349 56.3009 -0.0182514 0.0073434 0.999786 0.676838
0.562721 -0.826461 0.0190184 29.624 0.826437 0.562951 0.0123061 56.6721 -0.0208774 0.00879159 0.999723 0.698001
0.589977 -0.807194 0.0205747 29.865 0.807149 0.590249 0.0134644 57.0087 -0.0230131 0.00866216 0.999677 0.695205
0.619592 -0.78466 0.0218097 30.1262 0.7846 0.619895 0.0140745 57.3431 -0.024564 0.00839046 0.999641 0.695501
0.652216 -0.757765 0.0217347 30.3804 0.757671 0.652518 0.0148625 57.6693 -0.0254452 0.00677317 0.999631 0.689667
0.686031 -0.727264 0.0227563 30.6722 0.727141 0.686358 0.0156188 58.0013 -0.0269786 0.00583102 0.999597 0.671841
0.72221 -0.691397 0.0213844 30.9446 0.691247 0.722492 0.0157577 58.2916 -0.0263455 0.00340043 0.999624 0.674389
0.758928 -0.650917 0.0203179 31.2057 0.650761 0.759171 0.0152701 58.5615 -0.0253648 0.00163215 0.999654 0.677801
0.795596 -0.605582 0.0194877 31.5251 0.605427 0.795806 0.0145906 58.7986 -0.0243447 0.000189112 0.99968 0.666784
0.831299 -0.555584 0.018826 31.8779 0.555427 0.831483 0.0140793 59.0005 -0.0234761 -0.0012487 0.999699 0.657342
0.8649 -0.501715 0.0178941 32.2199 0.501558 0.865051 0.0136138 59.1534 -0.0223099 -0.00280074 0.999722 0.642403
0.89579 -0.444242 0.0174377 32.6036 0.444112 0.895925 0.011885 59.289 -0.0209028 -0.00290328 0.999752 0.640993
0.922701 -0.385227 0.0179445 32.9561 0.385098 0.922838 0.0112389 59.4101 -0.0208895 -0.00346091 0.99975 0.639045
0.945477 -0.325239 0.0199052 33.3147 0.325084 0.945645 0.0114879 59.496 -0.0225597 -0.00439179 0.99971 0.653522
0.964222 -0.264369 0.0221872 33.686 0.264158 0.964425 0.0126709 59.616 -0.024748 -0.00635783 0.999647 0.646975
0.97886 -0.203419 0.0237728 34.0491 0.203193 0.979091 0.0122136 59.7018 -0.0257605 -0.00712609 0.999616 0.636766
0.989464 -0.143126 0.0243271 34.462 0.142935 0.989709 0.00999624 59.6707 -0.0255077 -0.00641489 0.999627 0.609048
0.996207 -0.0844154 0.0237552 34.8581 0.084315 0.99645 0.00577822 59.6856 -0.0241587 -0.00375458 0.999674 0.603106
0.999364 -0.0286062 0.0239713 35.2543 0.0284693 0.999601 0.00657856 59.7065 -0.0241499 -0.00589314 0.999664 0.630766
0.999435 0.026576 0.0233538 35.6319 -0.0268099 0.999615 0.0102895 59.6815 -0.0230713 -0.010911 0.999647 0.638896
0.996724 0.078437 0.0226858 36.0037 -0.0786908 0.996866 0.0110423 59.6553 -0.0217484 -0.0127925 0.999654 0.616662
0.992012 0.12495 0.0206704 36.4303 -0.125072 0.992163 0.00524761 59.5866 -0.0198523 -0.00779215 0.999745 0.55648
0.985662 0.167803 0.0209995 36.8144 -0.167683 0.985847 -0.00688725 59.4717 -0.0218574 0.003266 0.999728 0.534931
0.978554 0.205021 0.0230217 37.1943 -0.204781 0.978766 -0.0119648 59.3501 -0.0249854 0.00699242 0.999635 0.55971
0.970632 0.239823 0.0222051 37.5783 -0.239644 0.970841 -0.0100395 59.2726 -0.0239648 0.00442197 0.999674 0.601444
0.962169 0.271913 0.020734 37.9088 -0.271963 0.962341 2.30428e-05 59.2438 -0.0199463 -0.00566238 0.999756 0.629572
0.953779 0.300126 0.0191914 38.3201 -0.300285 0.953862 0.00654263 59.1061 -0.0163415 -0.0120043 0.999765 0.602652
0.945526 0.325274 0.0177899 38.6786 -0.325423 0.945582 0.00673094 59.0096 -0.0146314 -0.0121547 0.99979 0.586333
0.936915 0.349504 0.0133568 39.0396 -0.349549 0.936955 0.00191736 58.8931 -0.0118432 -0.00646638 0.99988 0.566729
0.929516 0.368935 0.00555613 39.4472 -0.368922 0.9295 -0.00177852 58.7105 -0.00581872 -0.000397604 0.999954 0.577917
0.921899 0.387618 -0.00129319 39.8362 -0.38761 0.921866 -0.00134522 58.5386 0.000673017 0.00174055 0.999969 0.572921
0.914926 0.403807 -9.40003e-05 40.2632 -0.403796 0.91489 0.00298781 58.3575 0.00129476 -0.00269656 0.999966 0.572371
0.908625 0.417775 0.00428542 40.7009 -0.417781 0.908589 0.003656 58.137 -0.00236426 -0.0051133 0.999955 0.559151
0.90225 0.431349 0.00639388 41.0994 -0.431358 0.90223 0.00182989 57.9278 -0.00497748 -0.00441012 0.999949 0.564768
0.896744 0.442667 0.00752082 41.5496 -0.442669 0.896738 3.25804e-05 57.7234 -0.00672787 -0.00335954 0.999943 0.564525
0.89111 0.453926 0.00636155 41.9929 -0.4539 0.891101 -0.00382875 57.4729 -0.00740473 0.000523246 0.999944 0.561387
0.886513 0.462862 0.0048943 42.4754 -0.462821 0.886489 -0.0061435 57.2306 -0.00718018 0.00318003 0.999941 0.557333
0.882851 0.46982 0.00441492 42.9234 -0.469778 0.882824 -0.0063264 56.9907 -0.00686763 0.00351013 0.999942 0.559413
0.879997 0.47515 0.00436249 43.4185 -0.475108 0.87997 -0.00629085 56.7016 -0.00682566 0.00346213 0.999943 0.553083
0.877628 0.479526 0.00317813 43.8937 -0.479483 0.87759 -0.00710216 56.4364 -0.00619236 0.00470804 0.999943 0.556733
0.874895 0.484502 0.00274463 44.3571 -0.484464 0.874859 -0.00637362 56.1525 -0.0054867 0.0042454 0.99995 0.547823
0.87252 0.488776 0.00207056 44.9098 -0.488734 0.872472 -0.00773799 55.8517 -0.00558607 0.00573839 0.999942 0.538813
0.871053 0.491392 0.00164742 45.4412 -0.491346 0.870999 -0.00850751 55.5477 -0.00561277 0.0065998 0.999938 0.545305
0.869541 0.494066 0.00247281 46.0062 -0.494022 0.869499 -0.00715042 55.1998 -0.00568024 0.00499466 0.999947 0.544606
0.868378 0.496116 0.00153107 46.5929 -0.496065 0.868318 -0.00922829 54.8807 -0.00590499 0.00725279 0.999933 0.538898
0.867981 0.496817 -0.000175933 47.1878 -0.496761 0.867882 -0.0124502 54.5252 -0.00602987 0.0108926 0.9999 0.525963
0.868337 0.496199 0.00111045 47.7969 -0.496138 0.868259 -0.0111798 54.1931 -0.00650864 0.00915539 0.999915 0.52784
0.869387 0.494361 -0.00146455 48.4105 -0.494297 0.869234 -0.0160753 53.822 -0.00667084 0.0146981 0.999848 0.531531
0.87135 0.490894 -0.00243378 49.0703 -0.490831 0.871156 -0.0182248 53.4565 -0.00682296 0.0170731 0.99981 0.523544
0.873394 0.48725 -0.00299309 49.7026 -0.48719 0.87318 -0.0191737 53.0901 -0.00672553 0.0182028 0.999792 0.525994
0.875314 0.483805 -0.00172123 50.3613 -0.483726 0.875119 -0.0185806 52.7204 -0.00747974 0.0170946 0.999806 0.510426
0.877818 0.479252 -0.00184906 51.0554 -0.479152 0.877571 -0.0213538 52.37 -0.00860771 0.0196289 0.999751 0.501912
0.879664 0.47586 0.00205074 51.7431 -0.475732 0.879523 -0.0172266 51.9921 -0.00999783 0.014176 0.999831 0.473255
0.881646 0.472146 0.00630122 52.4651 -0.472014 0.881598 -0.0130609 51.6237 -0.0117187 0.00853859 0.999877 0.477005
0.883617 0.468483 0.00356285 53.173 -0.468329 0.883488 -0.0174959 51.2464 -0.0113408 0.0137888 0.999823 0.475049
0.88514 0.465609 0.00282798 53.889 -0.465505 0.885054 -0.0133315 50.8937 -0.00870673 0.0104815 0.999891 0.499462
0.885658 0.464637 0.000528793 54.6547 -0.464591 0.885612 -0.00679939 50.5125 -0.00362411 0.00577413 0.999961 0.489651
0.885425 0.465088 0.000311017 55.3372 -0.465052 0.885394 -0.00296161 50.1247 -0.00164939 0.00247554 0.99998 0.49987
0.885897 0.464188 0.00258271 56.092 -0.464157 0.885871 0.000717281 49.7901 -0.00195176 -0.00183638 0.999982 0.489987
0.885706 0.464557 0.00291056 56.8602 -0.464523 0.885682 -0.00015533 49.3986 -0.0026467 -0.00121664 0.999982 0.51122
0.885839 0.4643 0.00427188 57.5769 -0.464264 0.885821 -0.000718803 49.0077 -0.00411456 -0.0013488 0.999978 0.508008
0.886183 0.463626 0.0063428 58.2999 -0.463605 0.886168 0.00158385 48.6527 -0.00488328 -0.00434645 0.999967 0.512501
0.886143 0.463711 0.00610041 59.0567 -0.463691 0.886125 0.00214459 48.2566 -0.00440802 -0.00473141 0.999968 0.518943
0.886304 0.463405 0.00652015 59.7729 -0.463392 0.88628 0.00351613 47.8954 -0.00414606 -0.00614001 0.999963 0.526684
0.885769 0.464433 0.00664918 60.5058 -0.464428 0.88573 0.005762 47.5358 -0.00321013 -0.00819407 0.999952 0.539488
0.884364 0.46707 0.0089885 61.2254 -0.467098 0.884302 0.0089241 47.1639 -0.00377733 -0.0120929 0.999912 0.545509
0.88293 0.469741 0.0109804 61.9577 -0.469802 0.882851 0.010727 46.7888 -0.00465224 -0.014632 0.999875 0.546311
0.880301 0.474566 0.0144312 62.6898 -0.474685 0.880228 0.0116127 46.3973 -0.00718894 -0.0170752 0.999822 0.563281
0.877451 0.479746 0.0167463 63.4214 -0.479894 0.877418 0.0104511 45.9862 -0.00967674 -0.0172091 0.9998 0.553054
0.873806 0.486363 0.0167062 64.1476 -0.486505 0.873777 0.0100647 45.5852 -0.00969936 -0.0169244 0.999806 0.569667
0.869575 0.493936 0.0154852 64.9013 -0.494054 0.869539 0.00972354 45.1785 -0.00865901 -0.0161079 0.99983 0.575835
0.864503 0.502802 0.0143571 65.6119 -0.502889 0.864479 0.00821613 44.768 -0.00827701 -0.0143248 0.999861 0.572763
0.859166 0.511796 0.0169371 66.3198 -0.511939 0.859135 0.0100271 44.3756 -0.00941613 -0.0172876 0.999806 0.565462
0.853173 0.521669 0.0188131 66.9897 -0.521851 0.853147 0.0106038 44.0062 -0.0105154 -0.0188663 0.999767 0.575556
0.846926 0.531798 0.0176713 67.6852 -0.531935 0.846924 0.00840558 43.5725 -0.0104926 -0.0165206 0.99981 0.571898
0.84096 0.541191 0.0176413 68.3744 -0.541328 0.840954 0.00850708 43.1538 -0.010228 -0.0167055 0.999811 0.593973
0.83493 0.550482 0.0167897 69.0104 -0.550605 0.834913 0.00852139 42.7232 -0.00932337 -0.0163607 0.999827 0.576045
0.829186 0.559105 0.0167831 69.6645 -0.559238 0.829145 0.00977946 42.2619 -0.00844421 -0.017496 0.999817 0.573994
0.823543 0.567407 0.0162547 70.2982 -0.567537 0.823479 0.0107671 41.8208 -0.00727238 -0.0180934 0.999817 0.585653
0.818247 0.575065 0.0147787 70.896 -0.575162 0.818186 0.00987949 41.3827 -0.00640653 -0.0165849 0.99985 0.585612
0.812946 0.58253 0.015236 71.4852 -0.582643 0.81286 0.0113751 40.971 -0.00575458 -0.0181253 0.999829 0.586305
0.807313 0.590344 0.0142165 72.0801 -0.590431 0.807243 0.0100682 40.5398 -0.00552853 -0.0165227 0.999859 0.595314
0.801891 0.597652 0.0159726 72.6599 -0.597775 0.801809 0.0112321 40.0736 -0.0060902 -0.0185554 0.999821 0.606429
0.797352 0.603729 0.0149421 73.2921 -0.603806 0.797328 0.00715609 39.631 -0.00758917 -0.0147285 0.999876 0.610629
0.793359 0.608973 0.0149719 73.9063 -0.609028 0.79337 0.00453829 39.178 -0.00911003 -0.0127193 0.999892 0.621205
0.790882 0.612132 0.0173145 74.4746 -0.612209 0.790926 0.0038283 38.7466 -0.0113464 -0.0136284 0.999859 0.623325
0.789744 0.613607 0.0172556 75.0306 -0.613654 0.789819 0.00135302 38.3006 -0.0127937 -0.011658 0.999867 0.627897
0.788841 0.614774 0.0172796 75.5633 -0.6148 0.788933 -0.000162172 37.8726 -0.013727 -0.0104961 0.999869 0.631924
0.788948 0.61467 0.0162558 76.1024 -0.614685 0.789026 -0.000112113 37.478 -0.0128899 -0.0099041 0.999888 0.615246
0.789795 0.613594 0.0160224 76.6046 -0.613616 0.789862 0.000699535 37.0635 -0.012221 -0.0103844 0.999893 0.622673
0.791491 0.611466 0.0138046 77.1175 -0.611448 0.791546 -0.000927302 36.6755 -0.0114885 -0.007707 0.999927 0.636168
0.795015 0.606885 0.0137173 77.6473 -0.606884 0.795055 0.000864469 36.2705 -0.0103759 -0.00901207 0.99993 0.634175
0.799769 0.600654 0.0117258 78.1111 -0.600628 0.799797 5.06565e-05 35.887 -0.00934219 -0.00708323 0.999957 0.635541
0.806131 0.592047 0.0138946 78.5404 -0.592061 0.806159 0.00250064 35.5704 -0.00971522 -0.0102421 0.999928 0.634562
0.814121 0.581037 0.0129855 79.0554 -0.581045 0.814138 0.00301083 35.2391 -0.00881701 -0.00999604 0.99994 0.634165
0.823571 0.567593 0.0118461 79.5389 -0.567594 0.823575 0.00369729 34.9271 -0.00765199 -0.00976831 0.999954 0.647028
0.835511 0.549892 0.0109122 79.9933 -0.549899 0.83548 0.0065635 34.6102 -0.00550225 -0.0114838 0.999951 0.649592
0.848806 0.529197 0.00792666 80.484 -0.529176 0.848752 0.00794386 34.3538 -0.00251851 -0.0109364 0.999971 0.647667
0.862881 0.505954 0.00598419 80.9788 -0.505912 0.862821 0.00843856 34.092 -0.000888376 -0.0103078 0.999982 0.662633
0.878771 0.477826 0.00616061 81.4547 -0.477785 0.878716 0.00827414 33.8653 -0.00145438 -0.0102133 0.999984 0.672748
0.896107 0.444465 0.0063948 81.9912 -0.444425 0.896063 0.00760874 33.6239 -0.00234273 -0.00965905 0.999989 0.649336
0.914005 0.406342 0.00904075 82.4811 -0.406325 0.913981 0.00711755 33.4384 -0.00536514 -0.0101779 0.999974 0.64933
0.931598 0.364062 0.0136862 82.9973 -0.364096 0.931616 0.00723257 33.273 -0.0101112 -0.0117202 0.999922 0.652539
0.948135 0.318378 0.016661 83.5106 -0.318454 0.948189 0.00801043 33.1808 -0.0132413 -0.0129002 0.999873 0.63862
0.963203 0.26913 0.0203085 84.0008 -0.269292 0.963289 0.0105662 33.1013 -0.0167129 -0.0156459 0.999783 0.63606
0.976825 0.21439 0.0212712 84.492 -0.214592 0.976919 0.012318 33.0329 -0.0181329 -0.0165967 0.999745 0.628817
0.988133 0.154387 0.018931 85.0017 -0.154486 0.988254 0.00879715 33.0351 -0.0173435 -0.0116169 0.999831 0.660167
0.996203 0.0890878 0.0154901 85.5228 -0.089123 0.996298 0.00741757 33.0153 -0.0147647 -0.00876926 0.999903 0.676737
1.00002 0.0211954 0.00974625 86.0005 -0.0211602 1.00008 0.00527513 33.0132 -0.009628 -0.00548045 0.999991 0.676195
0.999131 -0.0479778 0.00491655 86.4738 0.0480348 0.999151 0.00600713 33.0682 -0.00519369 -0.00576429 1.00002 0.675952
0.993381 -0.11735 0.00315273 86.923 0.117408 0.993387 0.00792458 33.1689 -0.00405512 -0.00750032 1.00002 0.653667
0.982829 -0.186091 0.00118559 87.3759 0.186161 0.982836 0.00777556 33.2944 -0.00260556 -0.00741952 1.00003 0.638714
0.967525 -0.253924 0.000838683 87.8276 0.253999 0.967553 0.00515391 33.4032 -0.0021133 -0.00477173 1.00004 0.628219
0.94798 -0.319218 0.00404121 88.2913 0.319276 0.948025 0.00533314 33.6106 -0.00552636 -0.003764 1.00004 0.655293
0.923926 -0.383238 0.00861354 88.7209 0.383273 0.924011 0.00624305 33.7988 -0.0103438 -0.00246581 1.00001 0.655874
0.896763 -0.442936 0.0145256 89.1077 0.442912 0.89693 0.00963443 34.0338 -0.0172875 -0.00220592 0.999911 0.659373
0.866621 -0.499227 0.0182234 89.5165 0.499157 0.866867 0.0119829 34.2965 -0.0217705 -0.0012884 0.999827 0.640825
0.836911 -0.547483 0.021012 89.9164 0.547326 0.837231 0.0158266 34.6536 -0.0262472 -0.00174552 0.999721 0.631541
0.807835 -0.58949 0.022592 90.2643 0.58922 0.808206 0.0201493 34.8784 -0.030127 -0.00296641 0.999611 0.648872
0.780449 -0.625373 0.020546 90.589 0.624927 0.780743 0.0264469 35.1657 -0.0325706 -0.00780145 0.999511 0.642186
0.756813 -0.653899 0.0164882 90.929 0.653458 0.75699 0.0276085 35.4903 -0.030525 -0.0101205 0.999556 0.625309
0.736706 -0.676557 0.0129016 91.2283 0.676175 0.736801 0.0268982 35.894 -0.0276945 -0.0110923 0.999631 0.567676
0.720424 -0.693797 0.0166331 91.5602 0.693502 0.720666 0.022717 36.2059 -0.0277376 -0.00483119 0.999681 0.55808
0.708506 -0.705923 0.0185193 91.9323 0.70565 0.70881 0.0217819 36.5312 -0.0284923 -0.00236508 0.999671 0.564075
0.699764 -0.714638 0.0168401 92.229 0.714329 0.70002 0.0233187 36.9094 -0.0284421 -0.00428866 0.999668 0.553508
0.692632 -0.721636 0.0131297 92.5642 0.721226 0.692753 0.0277684 37.273 -0.0291238 -0.00976389 0.999612 0.551329
0.687782 -0.726349 0.00725877 92.8987 0.72592 0.687697 0.0310895 37.6423 -0.0275636 -0.0161128 0.999577 0.528249
0.686466 -0.727635 0.000724711 93.2287 0.727284 0.686176 0.0329158 38.0685 -0.0244386 -0.0220669 0.999546 0.528326
0.686013 -0.728067 -0.00168479 93.6018 0.727812 0.685709 0.0310463 38.4716 -0.0214392 -0.0225223 0.999607 0.525352
0.687703 -0.726479 -0.00122399 93.983 0.726289 0.687484 0.0273815 38.8569 -0.0190411 -0.0197172 0.999717 0.501361
0.690241 -0.724073 -0.00149187 94.4037 0.72403 0.690167 0.0183998 39.2588 -0.0122837 -0.0137782 0.999925 0.486285
0.692951 -0.721468 -0.00549053 94.7913 0.721507 0.69287 0.0160192 39.674 -0.00774406 -0.0150591 0.999954 0.498486
0.697288 -0.717251 -0.00872785 95.196 0.717316 0.697107 0.0201191 40.1322 -0.00833749 -0.020286 0.999859 0.49535
0.701686 -0.712894 -0.0127947 95.6038 0.712987 0.701278 0.0277566 40.5798 -0.0108065 -0.0285947 0.999635 0.465158
0.704821 -0.70983 -0.0111277 96.0461 0.709809 0.704282 0.0328437 41.0286 -0.0154677 -0.0310432 0.999503 0.452719
0.707579 -0.707149 -0.00595157 96.4874 0.706946 0.707079 0.0345961 41.4854 -0.0202469 -0.0286831 0.99949 0.438257
0.710383 -0.704361 -0.002177 96.9873 0.703996 0.709891 0.0371641 41.9484 -0.0246214 -0.0279298 0.999415 0.396732
0.712544 -0.702161 0.00579707 97.4443 0.701753 0.712382 0.0316286 42.4279 -0.0263268 -0.0184661 0.999593 0.409501
0.712634 -0.702075 0.00589765 97.9439 0.701779 0.71255 0.0270879 42.8755 -0.0232087 -0.0151624 0.999728 0.367162
0.712276 -0.702464 0.00281155 98.4086 0.702339 0.712219 0.0206437 43.3318 -0.0164929 -0.0127265 0.999897 0.375702
0.712065 -0.702691 0.000677946 98.8761 0.702661 0.712036 0.0155882 43.812 -0.0114257 -0.0106204 0.999994 0.389849
0.70992 -0.704846 -0.00508662 99.3746 0.704894 0.709846 0.0149126 44.334 -0.00689031 -0.0141684 0.999994 0.382158
0.708148 -0.706606 -0.00802689 99.9003 0.706642 0.707914 0.0224155 44.8328 -0.0101467 -0.0215409 0.999836 0.35639
0.707021 -0.70777 -0.00461511 100.447 0.707645 0.706693 0.0286255 45.3675 -0.0169883 -0.0235001 0.999701 0.347495
0.704957 -0.709846 0.00150731 100.935 0.709538 0.7047 0.030935 45.8611 -0.0230097 -0.0207344 0.999643 0.317557
0.703521 -0.711277 0.000563125 101.445 0.710959 0.703214 0.032242 46.3896 -0.0233173 -0.0222783 0.999605 0.332947
0.702362 -0.712422 -0.00272983 101.965 0.712248 0.702061 0.0288588 46.9572 -0.0186319 -0.0222089 0.999706 0.324535
0.699551 -0.71513 -0.0096151 102.498 0.715134 0.699158 0.0281048 47.5394 -0.0133656 -0.0265309 0.999686 0.312056
0.696876 -0.717747 -0.00923293 103.075 0.717786 0.696581 0.0244036 48.138 -0.0110736 -0.0236277 0.999789 0.304107
0.693275 -0.721239 -0.00863961 103.649 0.72126 0.692982 0.024576 48.7155 -0.0117273 -0.0232634 0.999791 0.288602
0.690392 -0.724023 -0.00707803 104.207 0.724013 0.690129 0.024085 49.3085 -0.0125423 -0.0217469 0.999816 0.266834
0.689466 -0.724927 -0.00509706 104.754 0.724843 0.689182 0.0262816 49.8937 -0.015528 -0.0218091 0.999774 0.26852
0.688598 -0.725758 -0.00499234 105.294 0.725629 0.688257 0.0288772 50.4661 -0.0175102 -0.0235014 0.999705 0.239505
0.688346 -0.726018 -0.00215017 105.87 0.725842 0.688078 0.0279035 51.0457 -0.0187668 -0.0207624 0.999744 0.224038
0.688228 -0.726139 0.000885895 106.447 0.725913 0.688027 0.0274552 51.6597 -0.0205331 -0.0182471 0.999759 0.204754
0.687761 -0.726587 0.00138241 107.015 0.726386 0.687599 0.0257689 52.2546 -0.019661 -0.0167135 0.999805 0.223014
0.688494 -0.725875 -0.00605319 107.576 0.725768 0.688128 0.0290257 52.8646 -0.0168915 -0.0243705 0.999699 0.212108
0.688993 -0.725348 -0.0111807 108.134 0.725346 0.688489 0.0310669 53.5135 -0.0148248 -0.0295069 0.999595 0.225195
0.690957 -0.723435 -0.0139943 108.735 0.723479 0.690314 0.0341019 54.151 -0.0149984 -0.0336788 0.999461 0.22164
0.692956 -0.721511 -0.0147925 109.316 0.721533 0.692186 0.037351 54.7665 -0.0166983 -0.0365465 0.999334 0.203452
0.695416 -0.719059 -0.0185958 109.933 0.719189 0.694476 0.0400755 55.4203 -0.015891 -0.0412325 0.999166 0.191315
0.696388 -0.718148 -0.0176415 110.536 0.71829 0.695589 0.0368806 56.0128 -0.0142029 -0.0383444 0.999307 0.184438
0.697869 -0.716804 -0.0135908 111.141 0.716861 0.697267 0.0329147 56.6703 -0.0141049 -0.032703 0.99951 0.17041
0.698048 -0.716699 -0.00966343 111.778 0.716703 0.697634 0.0284206 57.2986 -0.013615 -0.0267556 0.999694 0.169874
0.698824 -0.715948 -0.00972418 112.398 0.715959 0.698417 0.0280898 57.9532 -0.0133067 -0.0265826 0.999703 0.180822
0.699783 -0.715011 -0.0102423 113.027 0.71499 0.699275 0.0314066 58.5865 -0.0152811 -0.0292911 0.9996 0.172279
0.700793 -0.714056 -0.0079507 113.641 0.713891 0.700191 0.0358461 59.1961 -0.0200158 -0.0307865 0.999473 0.126261
0.70122 -0.713658 -0.00649834 114.233 0.713331 0.700483 0.0410237 59.8443 -0.0247111 -0.0333917 0.999285 0.108089
0.702696 -0.712171 -0.00997438 114.777 0.712045 0.702005 0.0372834 60.4049 -0.0195366 -0.03329 0.999403 0.139248
0.703353 -0.711423 -0.0158005 115.337 0.711637 0.702953 0.0254541 61.0026 -0.00698905 -0.0291359 0.9997 0.11973
0.702923 -0.711813 -0.0175678 115.956 0.712104 0.702753 0.0165739 61.6113 0.000560384 -0.0241489 0.999858 0.134847
0.702133 -0.712703 -0.0125791 116.538 0.712857 0.701847 0.0219728 62.2053 -0.00681861 -0.0243838 0.99983 0.159776
0.701339 -0.713601 0.00124145 117.174 0.713276 0.701025 0.0323396 62.864 -0.0239328 -0.0217859 0.999628 0.110366
0.700816 -0.714016 0.0122743 117.774 0.713203 0.700666 0.0407641 63.483 -0.0376894 -0.0198057 0.999246 0.0587748
0.700094 -0.714773 0.00945214 118.358 0.714131 0.699907 0.0375157 64.0669 -0.033414 -0.0195056 0.999405 0.0646987
0.699506 -0.71541 -0.00315005 118.897 0.715198 0.699102 0.0318979 64.6887 -0.0206026 -0.0245549 0.999641 0.0926225
0.698929 -0.71593 -0.00892068 119.491 0.715948 0.698557 0.0267297 65.2961 -0.0128905 -0.0250573 0.999759 0.0618225
0.696894 -0.717912 -0.00919968 120.06 0.717963 0.696571 0.0245831 65.8718 -0.0112258 -0.0237252 0.999812 0.0705372
0.695064 -0.719726 -0.00572821 120.623 0.71969 0.694769 0.0252563 66.4809 -0.0141827 -0.0216661 0.999822 0.0657558
0.691759 -0.722881 -0.0085485 121.19 0.722891 0.691396 0.0265511 67.0475 -0.013268 -0.0245346 0.99977 0.0750191
0.688517 -0.725934 -0.0115675 121.769 0.726018 0.688111 0.0267294 67.6412 -0.0114294 -0.0267891 0.999736 0.0944881
0.685356 -0.728861 -0.015002 122.348 0.729005 0.684811 0.0301364 68.27 -0.0116772 -0.0315767 0.999595 0.101971
0.684192 -0.729866 -0.0190572 122.86 0.73012 0.683519 0.0325301 68.8788 -0.0107025 -0.0361556 0.999452 0.0914949
0.682657 -0.731328 -0.0182328 123.426 0.731532 0.681931 0.0342299 69.5047 -0.0125853 -0.0366897 0.999412 0.0902189
0.682058 -0.731959 -0.0153556 123.998 0.732017 0.681272 0.0370334 70.1203 -0.0166306 -0.036484 0.999362 0.0750816
0.68049 -0.733434 -0.0148254 124.527 0.733475 0.679716 0.0369043 70.6853 -0.0169746 -0.0359714 0.999377 0.0472566
0.678978 -0.734814 -0.0160332 125.112 0.734951 0.678309 0.033407 71.3146 -0.0136574 -0.0344504 0.999483 0.0492013
0.675388 -0.738183 -0.0128491 125.652 0.738313 0.674992 0.02573 71.9139 -0.010305 -0.0268498 0.999758 0.0778356
0.671397 -0.741829 -0.0123409 126.194 0.741962 0.671054 0.0238941 72.5162 -0.00942842 -0.0251844 0.999811 0.0768414
0.6663 -0.746438 -0.010896 126.715 0.746505 0.665908 0.0264676 73.1122 -0.0124848 -0.0257547 0.999765 0.0618989
0.661511 -0.750754 -0.00497767 127.261 0.750577 0.661077 0.032012 73.7283 -0.0207255 -0.0248985 0.999651 0.0135374
0.658329 -0.753566 -0.00189961 127.778 0.753127 0.65778 0.0393651 74.3251 -0.0283967 -0.0273317 0.999401 -0.016379
0.655413 -0.756108 -0.00234246 128.331 0.75554 0.654717 0.044026 74.972 -0.0317364 -0.0306101 0.999207 -0.0367842
0.651675 -0.759337 -0.00245165 128.874 0.758808 0.651016 0.0428042 75.608 -0.0308882 -0.0297398 0.999261 -0.0100675
0.646828 -0.763443 -0.00749614 129.371 0.763259 0.64626 0.035208 76.2273 -0.022017 -0.0284794 0.999534 0.00200808
0.641576 -0.767838 -0.0100453 129.874 0.767837 0.641128 0.0291206 76.8085 -0.015902 -0.0263805 0.999709 -0.00798509
0.63611 -0.772336 -0.0128446 130.412 0.772383 0.635568 0.0309276 77.4476 -0.0157055 -0.0295776 0.999625 -0.0272326
0.630167 -0.777128 -0.0166066 130.926 0.777206 0.629392 0.0361279 78.1311 -0.0176066 -0.0356549 0.999396 -0.0453905
0.624856 -0.781335 -0.0197886 131.439 0.781477 0.623916 0.0390196 78.7862 -0.0181237 -0.0398263 0.999232 -0.0442378
0.617592 -0.78695 -0.024873 131.897 0.787317 0.616625 0.0376441 79.4398 -0.01427 -0.0428105 0.999173 -0.0435576
0.610456 -0.792458 -0.0262963 132.43 0.79293 0.609647 0.0334212 80.123 -0.0104369 -0.0412319 0.999288 -0.0770312
0.603681 -0.797654 -0.0257709 132.938 0.798083 0.602821 0.0347505 80.7719 -0.0121668 -0.0415238 0.999258 -0.0885445
0.59844 -0.801672 -0.0234006 133.417 0.801899 0.59735 0.0409791 81.4788 -0.0188558 -0.0432664 0.999083 -0.0876535
0.591567 -0.806793 -0.0223158 133.914 0.806817 0.590207 0.0475824 82.1559 -0.0251998 -0.0461303 0.998817 -0.10725
0.585221 -0.811435 -0.0215096 134.412 0.811384 0.583833 0.0486726 82.8201 -0.0269178 -0.0459139 0.998784 -0.11514
0.579727 -0.815408 -0.0202345 134.887 0.815253 0.578317 0.049984 83.5271 -0.029036 -0.0454503 0.998748 -0.122642
0.576447 -0.817741 -0.0200658 135.369 0.817604 0.57509 0.0489165 84.1859 -0.0284417 -0.0445804 0.998806 -0.137782
0.572293 -0.820529 -0.0248157 135.854 0.820633 0.570857 0.047896 84.9012 -0.0251146 -0.0477504 0.998751 -0.114933
0.569298 -0.822335 -0.0328291 136.298 0.822885 0.567789 0.0458006 85.5768 -0.0190051 -0.0530614 0.99862 -0.143652
0.566394 -0.82421 -0.0360081 136.746 0.82497 0.564962 0.043312 86.2572 -0.0153371 -0.0542089 0.998624 -0.17224
0.564253 -0.825699 -0.0356342 137.226 0.82635 0.562557 0.048161 86.987 -0.0197018 -0.0565921 0.998417 -0.186935
0.562083 -0.827323 -0.0322485 137.684 0.827563 0.559967 0.0568542 87.6744 -0.028959 -0.0586149 0.998078 -0.219083
0.559505 -0.829194 -0.0290239 138.142 0.829071 0.557187 0.0620415 88.4007 -0.0352519 -0.0587459 0.99787 -0.247321
0.555298 -0.832142 -0.0253783 138.588 0.83192 0.553297 0.0587347 89.0296 -0.0348124 -0.0536996 0.998171 -0.261678
0.551175 -0.835067 -0.018433 139.027 0.834949 0.550049 0.0446885 89.7288 -0.0271568 -0.0399966 0.999053 -0.2584
0.545436 -0.838807 -0.0195631 139.459 0.838878 0.544525 0.038455 90.3675 -0.0215819 -0.0373606 0.999293 -0.265831
0.539632 -0.842413 -0.0250608 139.884 0.84268 0.538575 0.0392869 91.0496 -0.0195774 -0.0422914 0.99914 -0.295486
0.533275 -0.846492 -0.0238368 140.329 0.846533 0.531936 0.0463972 91.7842 -0.0265729 -0.0448932 0.998867 -0.312302
0.526942 -0.850489 -0.0225991 140.79 0.850337 0.525442 0.0507662 92.4776 -0.0312784 -0.0459395 0.998686 -0.316007
0.5216 -0.853943 -0.0153524 141.241 0.853481 0.520353 0.0505555 93.1846 -0.0351583 -0.0394466 0.998836 -0.36804
0.516627 -0.857057 -0.00894682 141.681 0.856498 0.515748 0.0466905 93.9194 -0.0353765 -0.0317606 0.999104 -0.37108
0.511202 -0.860357 -0.000822861 142.105 0.859921 0.510855 0.0366041 94.6628 -0.0310459 -0.0193993 0.999566 -0.336404
0.505336 -0.863819 0.00223738 142.537 0.863684 0.505265 0.023388 95.3325 -0.0213075 -0.00986827 0.999963 -0.363478
0.49964 -0.867135 -0.00040412 142.972 0.867104 0.499562 0.0192569 96.0624 -0.0164709 -0.0099533 1.00006 -0.387896
0.493645 -0.870567 -0.00103139 143.4 0.87043 0.493487 0.0252437 96.8584 -0.0214412 -0.0133397 0.999924 -0.414543
0.48882 -0.873291 0.000220151 143.807 0.872774 0.488491 0.038313 97.6279 -0.0335382 -0.0185157 0.999511 -0.452937
0.484943 -0.875456 -0.000448206 144.259 0.874655 0.484426 0.0463514 98.3895 -0.0403329 -0.0228484 0.999173 -0.485062
0.482288 -0.876927 0.00127683 144.654 0.87608 0.481841 0.0464981 99.1306 -0.0413614 -0.0212859 0.999167 -0.467492
0.480355 -0.877993 -0.00131214 145.042 0.877536 0.48 0.0373209 99.8897 -0.0321092 -0.0190577 0.999554 -0.464342
0.478142 -0.879099 -0.0137827 145.42 0.879063 0.477565 0.0324354 100.658 -0.0219052 -0.0275996 0.999632 -0.481884
0.475666 -0.880394 -0.016869 145.806 0.880498 0.475102 0.0297696 101.372 -0.0181683 -0.0289875 0.99967 -0.510287
0.474102 -0.881357 -0.00914002 146.195 0.88126 0.47369 0.0299223 102.097 -0.0220152 -0.0222175 0.999768 -0.526258
0.473779 -0.881572 -0.00461686 146.614 0.881185 0.473325 0.0372031 102.898 -0.030583 -0.0216716 0.999557 -0.573216
0.473713 -0.881616 -0.00410109 147.007 0.881039 0.473153 0.0426272 103.663 -0.0356105 -0.023783 0.999344 -0.612481
0.471653 -0.882703 -0.00754184 147.403 0.882166 0.470939 0.0439319 104.409 -0.0351971 -0.027349 0.99927 -0.619925
0.469886 -0.883626 -0.0101095 147.796 0.883338 0.469242 0.0383292 105.16 -0.0290955 -0.0269151 0.99948 -0.608577
0.46811 -0.884587 -0.00885511 148.214 0.88459 0.467814 0.0246177 105.874 -0.0176056 -0.0193334 0.999926 -0.614985
0.466695 -0.885385 0.000346494 148.618 0.885429 0.466671 0.0141706 106.638 -0.0126793 -0.00628746 1.00017 -0.639574
0.466184 -0.885659 -0.00148615 148.98 0.885653 0.466096 0.0187601 107.399 -0.0158932 -0.0100416 1.0001 -0.648054
0.46439 -0.886608 -0.00166664 149.384 0.886341 0.464138 0.0310875 108.189 -0.0267583 -0.0158922 0.999791 -0.670887
0.463127 -0.887267 -0.00401478 149.822 0.886879 0.462703 0.0368156 108.968 -0.0307764 -0.0205875 0.999592 -0.695264
0.462612 -0.887551 0.00101397 150.153 0.887239 0.46243 0.0313282 109.725 -0.0282426 -0.0135722 0.999789 -0.675786
0.46275 -0.887477 -0.0042055 150.567 0.887348 0.462498 0.0271971 110.472 -0.0221611 -0.0162946 0.999905 -0.667715
0.462057 -0.887773 -0.0120895 150.966 0.887741 0.461573 0.0301275 111.256 -0.0211361 -0.0246268 0.999759 -0.717709
0.461368 -0.888155 -0.010732 151.312 0.888043 0.460861 0.0322855 112.013 -0.0236978 -0.0243999 0.99971 -0.732741
0.461163 -0.888275 -0.010155 151.688 0.88807 0.460593 0.0354014 112.763 -0.0267374 -0.0253179 0.999614 -0.719657
0.460605 -0.88857 -0.0102791 152.097 0.888289 0.459956 0.0382456 113.475 -0.029224 -0.02672 0.99951 -0.741717
0.460068 -0.888811 -0.0135185 152.447 0.888549 0.459252 0.0407357 114.218 -0.0299659 -0.0307243 0.999376 -0.756013
0.459436 -0.88915 -0.0131225 152.859 0.888993 0.45875 0.0366701 114.992 -0.0265534 -0.0284851 0.999541 -0.743582
0.458652 -0.889444 -0.0195374 153.189 0.889547 0.457893 0.0340248 115.693 -0.0212862 -0.0329541 0.999533 -0.766172
0.457483 -0.890011 -0.0213354 153.567 0.890137 0.456626 0.0357704 116.435 -0.0220626 -0.0353238 0.999438 -0.767893
0.455669 -0.891019 -0.0180985 153.931 0.890844 0.454644 0.0428683 117.197 -0.0299353 -0.035625 0.999225 -0.82323
0.454785 -0.891604 -0.0101432 154.272 0.891026 0.453889 0.0470273 117.901 -0.0372911 -0.0303959 0.999153 -0.878577
0.453668 -0.892236 -0.00140485 154.672 0.891456 0.453132 0.0463228 118.584 -0.0406579 -0.0222419 0.999239 -0.84416
0.453219 -0.892453 -0.00575594 154.974 0.891898 0.452592 0.0431379 119.232 -0.0358578 -0.0246574 0.999368 -0.817988
0.454182 -0.891929 -0.0103145 155.297 0.891608 0.453492 0.0396907 119.844 -0.0306889 -0.0271945 0.999477 -0.848062
0.454467 -0.891828 -0.00631805 155.618 0.891672 0.454102 0.0303622 120.519 -0.0241743 -0.0194062 0.99984 -0.836702
0.455384 -0.89135 -0.00843155 155.938 0.891295 0.455022 0.0277614 121.183 -0.0208746 -0.0201304 0.999903 -0.884839
0.457801 -0.890121 -0.00804723 156.263 0.890163 0.457547 0.0222807 121.825 -0.016117 -0.0173375 1.00005 -0.885354
0.461539 -0.888197 -0.00793981 156.559 0.888231 0.461278 0.0227294 122.415 -0.016492 -0.0175168 1.00004 -0.865053
0.466653 -0.885548 -0.00515369 156.844 0.885473 0.466381 0.0262349 122.984 -0.0207939 -0.0167805 0.999974 -0.865628
0.471918 -0.882773 -0.00206061 157.146 0.882483 0.471603 0.032996 123.552 -0.0281198 -0.0173645 0.999787 -0.881183
0.477001 -0.880047 -0.00103217 157.471 0.879584 0.476618 0.0381236 124.155 -0.0330211 -0.019067 0.999608 -0.899142
0.482705 -0.87692 -0.0056673 157.8 0.876541 0.482154 0.0387657 124.78 -0.0312248 -0.0236516 0.99957 -0.923953
0.48949 -0.873153 -0.00641544 158.095 0.872996 0.489075 0.0315393 125.341 -0.0243648 -0.0210111 0.999822 -0.90765
0.495836 -0.869529 -0.0107638 158.405 0.86961 0.495478 0.0246042 125.905 -0.016026 -0.0215311 0.999981 -0.917665
0.502403 -0.865693 -0.0151666 158.721 0.865917 0.50205 0.0217226 126.495 -0.0111568 -0.024016 0.999993 -0.918033
0.508499 -0.862097 -0.0171381 159.049 0.862341 0.508045 0.0246907 127.09 -0.0125449 -0.0273019 0.999895 -0.933619
0.513119 -0.859447 -0.0122439 159.395 0.859527 0.512666 0.0274247 127.643 -0.0172577 -0.0245654 0.999898 -0.932941
0.518701 -0.856172 -0.0048166 159.766 0.856057 0.518352 0.0292555 128.186 -0.0225141 -0.0192702 0.999911 -0.970248
0.522984 -0.853583 -0.000467133 160.117 0.853407 0.522743 0.0287771 128.729 -0.0242816 -0.0154227 0.999939 -0.950734
0.526643 -0.851338 0.000791438 160.459 0.851154 0.526435 0.0284283 129.265 -0.0245805 -0.0142725 0.99995 -0.97312
0.526705 -0.851307 -0.000334191 160.753 0.851081 0.52643 0.0308631 129.782 -0.0260594 -0.0165136 0.99988 -1.00312
0.526219 -0.851607 0.00366614 161.095 0.851303 0.526044 0.0315745 130.312 -0.0287778 -0.0134692 0.999854 -0.986842
0.525985 -0.851751 0.00513758 161.448 0.851388 0.525835 0.0329817 130.898 -0.0307532 -0.0129493 0.999804 -1.00934
0.525791 -0.851889 0.00265181 161.807 0.851491 0.525529 0.0353187 131.459 -0.0314405 -0.016286 0.999736 -1.05133
0.524647 -0.85259 -0.00521758 162.153 0.852322 0.524134 0.0362383 132.029 -0.0281219 -0.0234289 0.999696 -1.03314
0.524057 -0.852893 -0.0119085 162.473 0.852911 0.523501 0.031413 132.59 -0.0205195 -0.0265861 0.999804 -1.05154
