0.47122 -0.881788 0.02003 0.678863 0.881917 0.471386 0.00429228 0.565983 -0.0132268 0.0156422 0.99979 0.783861
0.472196 -0.881337 0.0166164 1.11849 0.881456 0.472266 0.000316469 1.4119 -0.0081263 0.0144972 0.999862 0.780438
0.473348 -0.880743 0.0152862 1.56314 0.880864 0.47336 -0.00306271 2.26195 -0.00453841 0.0149148 0.999878 0.778499
0.474016 -0.880337 0.0177972 2.01459 0.880499 0.474035 -0.00340213 3.1193 -0.00544148 0.0172831 0.999836 0.779406
0.47371 -0.880411 0.0217918 2.46959 0.880621 0.473821 -0.000107113 3.98362 -0.0102311 0.0192411 0.999763 0.779414
0.472828 -0.880752 0.026643 2.9264 0.881038 0.47304 0.00194493 4.85113 -0.0143162 0.0225539 0.999643 0.778788
0.471953 -0.880993 0.0333507 3.38969 0.881509 0.472164 -0.00172676 5.71407 -0.0142257 0.0302139 0.999442 0.773522
0.470705 -0.881635 0.0340171 3.84723 0.882231 0.470771 -0.00652686 6.58113 -0.01026 0.0330832 0.9994 0.766109
0.469498 -0.882378 0.0313101 4.30058 0.882914 0.469427 -0.0100568 7.45549 -0.0058239 0.0323657 0.999459 0.762892
0.467851 -0.883298 0.0300035 4.76325 0.883797 0.467738 -0.0111058 8.35342 -0.004224 0.0317128 0.999488 0.772479
0.466834 -0.883798 0.0311064 5.24639 0.884322 0.466785 -0.0092602 9.295 -0.00633585 0.0318311 0.999473 0.805817
0.465799 -0.884386 0.0298722 5.72 0.884841 0.465866 -0.00510241 10.2278 -0.0094039 0.0288088 0.999541 0.831431
0.464629 -0.884993 0.030127 6.19458 0.885444 0.464729 -0.00401181 11.1591 -0.0104505 0.0285398 0.999538 0.855222
0.463646 -0.885495 0.0305236 6.66525 0.885931 0.463814 -0.00173826 12.0814 -0.0126181 0.0278478 0.999533 0.869854
0.463423 -0.885526 0.0329029 7.13666 0.885985 0.463712 0.00131853 13.0068 -0.0164251 0.0285404 0.999458 0.884144
0.462932 -0.885929 0.0286987 7.59276 0.886209 0.463255 0.00543462 13.9245 -0.0181095 0.0229172 0.999573 0.888189
0.462953 -0.885937 0.0281228 8.05192 0.886189 0.463282 0.00620278 14.8403 -0.0185241 0.0220505 0.999585 0.891817
0.46288 -0.885992 0.0275842 8.50923 0.886261 0.463164 0.00460866 15.7441 -0.0168593 0.0223135 0.999609 0.889932
0.463145 -0.885952 0.0242028 8.95935 0.88617 0.463349 0.00327668 16.6458 -0.0141173 0.0199302 0.999702 0.892688
0.462366 -0.886363 0.0240424 9.41276 0.886582 0.462561 0.00300533 17.5401 -0.0137849 0.019926 0.999706 0.899485
0.461154 -0.886922 0.0265771 9.86848 0.887189 0.461394 0.00338187 18.4325 -0.0152619 0.0220193 0.999641 0.903832
0.460352 -0.88733 0.0268639 10.3169 0.887589 0.460617 0.00431695 19.3235 -0.0162045 0.0218567 0.99963 0.910516
0.460141 -0.887535 0.0235066 10.7564 0.887731 0.460346 0.00388124 20.2089 -0.0142659 0.0190816 0.999716 0.915533
0.459651 -0.887864 0.0204658 11.1932 0.888053 0.45974 -0.000399462 21.0871 -0.00905427 0.0183583 0.99979 0.918102
0.459248 -0.888094 0.019517 11.6342 0.888273 0.459314 -0.00121411 21.9658 -0.0078862 0.017894 0.999809 0.920086
0.458886 -0.888239 0.0213241 12.078 0.888427 0.459015 0.00132014 22.8443 -0.0109607 0.0183392 0.999772 0.92933
0.458531 -0.88832 0.0252141 12.5199 0.888568 0.458737 0.00272737 23.717 -0.0139894 0.0211538 0.999678 0.933334
0.458249 -0.888417 0.0268981 12.9582 0.888697 0.458485 0.00300995 24.5858 -0.0150065 0.022525 0.999634 0.935849
0.458141 -0.888401 0.0291571 13.3946 0.888766 0.45836 0.000960606 25.4461 -0.0142179 0.0254737 0.999574 0.935289
0.457725 -0.888543 0.0313008 13.8353 0.889006 0.45789 -0.00209638 26.3054 -0.0124696 0.0287862 0.999508 0.93391
0.456669 -0.889023 0.0330363 14.2695 0.88954 0.456852 -0.00220577 27.162 -0.0131317 0.0303944 0.999452 0.932902
0.455556 -0.889412 0.0376093 14.7067 0.890038 0.455886 0.000222034 28.022 -0.017343 0.0333726 0.999292 0.929589
0.454854 -0.889582 0.0418448 15.1375 0.890275 0.455403 0.0041447 28.8838 -0.0227433 0.0353682 0.999116 0.921648
0.454281 -0.889879 0.0417669 15.5588 0.890507 0.45492 0.00677398 29.7403 -0.0250286 0.0341165 0.999104 0.913315
0.453043 -0.890625 0.0392323 15.9787 0.891203 0.453573 0.00535717 30.585 -0.022566 0.0325369 0.999216 0.90687
0.45201 -0.891361 0.0341054 16.3946 0.891895 0.452241 -0.00105802 31.4134 -0.0144808 0.0308967 0.999418 0.900257
0.451231 -0.891887 0.0304644 16.8075 0.892368 0.45127 -0.00598573 32.2331 -0.00840908 0.0298864 0.999518 0.898572
0.450045 -0.892618 0.0263001 17.2081 0.892959 0.450128 -0.00301713 33.0543 -0.00914528 0.0248428 0.99965 0.901086
0.449159 -0.893112 0.0246607 17.6067 0.893373 0.449315 0.000907575 33.8632 -0.011891 0.0216235 0.999695 0.908982
0.447878 -0.893798 0.0230344 17.9973 0.893989 0.448072 0.00382902 34.6595 -0.0137435 0.0188776 0.999727 0.916976
0.446794 -0.894354 0.0225002 18.3827 0.894544 0.446968 0.00311507 35.4409 -0.0128428 0.0187356 0.999742 0.919555
0.445318 -0.895111 0.0216298 18.7594 0.89527 0.445503 0.00440795 36.2126 -0.0135817 0.0174016 0.999756 0.922214
0.443951 -0.895809 0.020807 19.1298 0.895938 0.444144 0.00553715 36.9726 -0.0142016 0.0161836 0.999768 0.926968
0.442482 -0.896523 0.0213889 19.4955 0.89665 0.442695 0.00631708 37.7205 -0.0151322 0.0163832 0.999751 0.930546
0.441153 -0.897158 0.0221658 19.8559 0.897293 0.441385 0.00668022 38.4578 -0.0157769 0.0169423 0.999732 0.931804
0.439833 -0.897828 0.0212625 20.206 0.897899 0.440096 0.009632 39.1845 -0.0180054 0.0148552 0.999728 0.933428
0.438648 -0.898394 0.0218323 20.551 0.898378 0.438989 0.0143436 39.9043 -0.0224703 0.0133219 0.999659 0.933406
0.436914 -0.899266 0.020642 20.8919 0.89917 0.437262 0.0171682 40.6059 -0.0244647 0.0110597 0.99964 0.936884
0.435588 -0.899999 0.0162684 21.2152 0.899898 0.435821 0.015592 41.2893 -0.0211229 0.00784821 0.999746 0.940841
0.434618 -0.900536 0.0119226 21.531 0.90051 0.434731 0.00955262 41.9525 -0.0137856 0.00658466 0.999883 0.945097
0.43336 -0.901165 0.0100176 21.8383 0.901184 0.433416 0.00419068 42.5985 -0.0081183 0.00721165 0.999941 0.946315
0.432949 -0.901381 0.00827237 22.1364 0.901401 0.43298 0.00234436 43.2312 -0.00569494 0.00644174 0.999963 0.951807
0.432221 -0.901735 0.00770757 22.424 0.901725 0.432268 0.00607215 43.848 -0.00880721 0.00432559 0.999952 0.963638
0.431014 -0.902307 0.00832684 22.7053 0.902265 0.43108 0.0093422 44.4443 -0.0120191 0.0034864 0.999922 0.981056
0.429868 -0.902842 0.00952912 22.9805 0.902843 0.42993 0.00580331 45.0167 -0.00933633 0.00610865 0.999938 0.992956
0.42986 -0.902785 0.0141517 23.2533 0.902884 0.429881 -0.00172662 45.5681 -0.00452479 0.0135196 0.999898 1.00233
0.430764 -0.902334 0.0153412 23.5141 0.902464 0.430681 -0.00849074 46.1043 0.00105433 0.0175024 0.999846 1.01455
0.433308 -0.901141 0.0137773 23.7641 0.901244 0.433224 -0.00870676 46.6328 0.00187737 0.0161894 0.999867 1.02685
0.436694 -0.899553 0.0101459 24.0065 0.899609 0.436682 -0.00348129 47.1522 -0.00129892 0.0106476 0.999942 1.04104
0.440705 -0.897562 0.0127338 24.253 0.89764 0.440727 -0.00119749 47.6521 -0.0045373 0.0119581 0.999918 1.05178
0.445267 -0.895205 0.0185749 24.5056 0.895356 0.44535 0.000340282 48.1348 -0.00857696 0.0164797 0.999827 1.0637
0.452154 -0.891609 0.0243031 24.7537 0.891845 0.452335 0.00226452 48.605 -0.0130122 0.0206507 0.999702 1.0762
0.461278 -0.88698 0.0221267 24.9907 0.88716 0.461451 0.00315721 49.0608 -0.0130108 0.0181736 0.99975 1.08412
0.474135 -0.880286 0.0170924 25.2182 0.880356 0.474281 0.0055673 49.5086 -0.0130074 0.0124077 0.999838 1.09084
0.489774 -0.871752 0.0130602 25.4506 0.871736 0.489897 0.00877715 49.9389 -0.0140496 0.00708621 0.999876 1.09605
0.508188 -0.861129 0.0141989 25.6955 0.861115 0.508329 0.00909049 50.3456 -0.0150458 0.0076072 0.999858 1.09854
0.529879 -0.847886 0.0178119 25.9495 0.847909 0.530073 0.00855287 50.732 -0.0166935 0.0105709 0.999805 1.10265
0.553939 -0.832316 0.0200388 26.2097 0.832341 0.554183 0.00946649 51.1045 -0.0189843 0.0114352 0.999754 1.10591
0.580416 -0.81404 0.0213811 26.4774 0.814039 0.580705 0.0110241 51.4645 -0.0213902 0.0110065 0.999711 1.10805
0.609773 -0.792268 0.0221172 26.7561 0.792239 0.61009 0.0121427 51.8073 -0.0231138 0.0101178 0.999682 1.10798
0.641585 -0.766729 0.0222424 27.0443 0.766673 0.64191 0.0128038 52.1346 -0.0240947 0.00883793 0.999671 1.10555
0.675202 -0.737279 0.0228317 27.3446 0.737202 0.675542 0.0132873 52.4401 -0.0252202 0.00786001 0.999651 1.10461
0.710393 -0.703498 0.0208086 27.6539 0.703373 0.710682 0.0140418 52.7222 -0.0246667 0.004661 0.999685 1.10608
0.747152 -0.664378 0.0191339 27.9747 0.664251 0.747392 0.0132648 52.9798 -0.0231134 0.00279893 0.999729 1.10649
0.784168 -0.620273 0.0185068 28.3059 0.620148 0.784384 0.012545 53.211 -0.0222978 0.00163962 0.99975 1.10278
0.82016 -0.571861 0.0176762 28.6457 0.571728 0.82035 0.0123397 53.4159 -0.0215572 -1.45333e-05 0.999768 1.09606
0.854501 -0.519177 0.0168189 28.993 0.519048 0.854666 0.0116326 53.5938 -0.020414 -0.00121026 0.999791 1.08847
0.886216 -0.462951 0.017243 29.3493 0.462865 0.886384 0.00890949 53.7407 -0.0194086 8.54516e-05 0.999812 1.08282
0.91411 -0.40509 0.0174733 29.7094 0.405008 0.914277 0.00817745 53.8644 -0.019288 -0.000398272 0.999814 1.08121
0.938021 -0.346022 0.0196061 30.076 0.345923 0.938226 0.00834818 53.9652 -0.0212836 -0.00104857 0.999773 1.07892
0.957908 -0.286232 0.021983 30.4504 0.286058 0.958152 0.0107739 54.043 -0.0241469 -0.00403206 0.9997 1.07267
0.973808 -0.226135 0.0236832 30.8258 0.225932 0.974082 0.010957 54.0957 -0.0255472 -0.00531921 0.999659 1.06462
0.985751 -0.166518 0.0237963 31.2048 0.166369 0.98603 0.00810082 54.118 -0.0248128 -0.00402643 0.999684 1.05561
0.993769 -0.108801 0.0241835 31.581 0.108776 0.994063 0.00235731 54.117 -0.0242964 0.000287963 0.999705 1.04796
0.998289 -0.0534752 0.0236633 31.9552 0.0533979 0.998566 0.00388742 54.1037 -0.0238372 -0.0026172 0.999712 1.04308
0.999726 0.000700234 0.0233924 32.3317 -0.000901151 0.999963 0.00857954 54.0782 -0.0233855 -0.00859827 0.99969 1.03678
0.998427 0.0513613 0.0225048 32.708 -0.0516055 0.998613 0.0104046 54.0323 -0.0219392 -0.0115496 0.999693 1.02981
0.995 0.0975045 0.0216142 33.0782 -0.0976229 0.995213 0.00449212 53.9584 -0.0210727 -0.0065797 0.999756 1.02204
0.989938 0.139744 0.0222327 33.451 -0.139551 0.990164 -0.0100372 53.8574 -0.0234167 0.00683357 0.999702 1.01048
0.983969 0.176771 0.0236049 33.8218 -0.176421 0.984182 -0.016183 53.7542 -0.0260923 0.0117592 0.99959 1.00099
0.977418 0.210212 0.0215639 34.196 -0.209961 0.977619 -0.013331 53.6572 -0.0238836 0.00850241 0.999679 0.993886
0.970272 0.241178 0.0201108 34.5729 -0.241197 0.970475 -0.00154721 53.5634 -0.0198902 -0.00334945 0.999797 0.993973
0.962809 0.269513 0.0190298 34.9504 -0.269661 0.962939 0.00564699 53.4521 -0.0168026 -0.0105686 0.999803 0.997475
0.955514 0.294455 0.0169702 35.3314 -0.294583 0.95561 0.00549768 53.3164 -0.0145981 -0.0102522 0.999841 0.996411
0.94818 0.317448 0.0134872 35.7127 -0.317486 0.948263 0.000724108 53.1619 -0.0125595 -0.00496857 0.999909 0.992056
0.94152 0.336934 0.00383876 36.0987 -0.336915 0.941523 -0.00477382 52.9902 -0.00522274 0.00320131 0.999981 0.97226
0.934693 0.35543 -0.00438652 36.4938 -0.355446 0.93469 -0.00358807 52.8205 0.00282473 0.00491292 0.999984 0.954069
0.928186 0.372088 -0.00458592 36.9075 -0.372094 0.928195 -0.000557145 52.6452 0.00404932 0.00222353 0.999989 0.948964
0.922286 0.386504 0.00167935 37.3361 -0.386505 0.922287 0.000442812 52.4564 -0.0013777 -0.00105748 0.999999 0.954637
0.91649 0.400022 0.00527562 37.7666 -0.400023 0.916505 -0.000873649 52.2513 -0.00518461 -0.00130968 0.999986 0.960113
0.910944 0.412478 0.00659334 38.2024 -0.412463 0.910967 -0.00353964 52.0328 -0.00746634 0.000504901 0.999972 0.962299
0.90594 0.423367 0.00577645 38.6448 -0.423326 0.90595 -0.00711225 51.8012 -0.00824427 0.00399795 0.999958 0.960178
0.901426 0.432916 0.0038176 39.0986 -0.432865 0.901407 -0.00966894 51.5594 -0.00762704 0.00706333 0.999946 0.958122
0.897647 0.44071 0.00223751 39.5655 -0.440661 0.897604 -0.01123 51.3088 -0.00695757 0.00909459 0.999934 0.956501
0.894941 0.446182 0.00121058 40.0467 -0.446134 0.894878 -0.0125573 51.0482 -0.00668617 0.010698 0.99992 0.953352
0.892315 0.451414 -0.000414951 40.5416 -0.451379 0.892233 -0.0132829 50.7796 -0.00562584 0.0120398 0.999912 0.947752
0.889428 0.457074 -0.00139389 41.054 -0.457051 0.889345 -0.0130421 50.5005 -0.00472156 0.0122371 0.999914 0.940416
0.887265 0.461253 -0.00249977 41.5831 -0.461235 0.88715 -0.0150448 50.208 -0.00472177 0.0145017 0.999884 0.935281
0.885608 0.464423 -0.00316325 42.1211 -0.464408 0.885466 -0.0165855 49.9017 -0.00490176 0.0161573 0.999857 0.929146
0.883972 0.467527 -0.00332678 42.6775 -0.467509 0.883812 -0.0176289 49.5874 -0.00530173 0.0171387 0.999839 0.924123
0.882472 0.470351 -0.0035266 43.2459 -0.470327 0.882283 -0.0192181 49.2588 -0.00592781 0.0186181 0.999809 0.91816
0.881764 0.471659 -0.00544906 43.8273 -0.471651 0.881479 -0.0232392 48.9208 -0.00615774 0.0230615 0.999715 0.911723
0.881821 0.47153 -0.00713158 44.4204 -0.471541 0.881437 -0.0267935 48.572 -0.00634791 0.02699 0.999616 0.903795
0.882598 0.470059 -0.00803764 45.0332 -0.470084 0.882156 -0.0286666 48.2198 -0.00638456 0.0290795 0.999557 0.896432
0.884037 0.467319 -0.00953922 45.6621 -0.467379 0.883523 -0.03073 47.8631 -0.0059326 0.0316249 0.999482 0.889776
0.885769 0.464022 -0.00985964 46.3078 -0.464089 0.885224 -0.0316099 47.4999 -0.00593969 0.0325748 0.999452 0.883516
0.88752 0.460681 -0.00907652 46.9731 -0.460709 0.886911 -0.0336883 47.1358 -0.00746949 0.0340807 0.999391 0.881061
0.889304 0.457249 -0.0078632 47.6529 -0.457232 0.888677 -0.0345282 46.7693 -0.00880015 0.0343014 0.999373 0.879121
0.891152 0.45368 -0.00465068 48.3523 -0.453572 0.8906 -0.0332324 46.4028 -0.010935 0.0317246 0.999437 0.874771
0.892964 0.450118 -0.00308567 49.0578 -0.449967 0.89244 -0.0328716 46.0347 -0.0120423 0.0307416 0.999455 0.869272
0.894754 0.446551 -0.0026992 49.7732 -0.44642 0.894306 -0.0304281 45.6678 -0.0111738 0.0284306 0.999533 0.865683
0.896258 0.443509 -0.00452746 50.4926 -0.44346 0.895881 -0.0272158 45.3026 -0.00801441 0.0264002 0.999619 0.864619
0.896887 0.4422 -0.0073302 51.2185 -0.442255 0.896671 -0.0197674 44.9407 -0.00216837 0.020971 0.999778 0.863783
0.896741 0.44247 -0.00868852 51.9471 -0.442555 0.896597 -0.016114 44.5719 0.000660128 0.0182952 0.999832 0.863284
0.896771 0.442427 -0.0077292 52.6789 -0.442494 0.896664 -0.0138651 44.2014 0.000796214 0.0158539 0.999874 0.870537
0.896735 0.44255 -0.00391315 53.4129 -0.442563 0.896651 -0.0124756 43.831 -0.00201234 0.0129191 0.999915 0.881833
0.896665 0.442693 -0.00372975 54.1423 -0.442701 0.896569 -0.013429 43.4566 -0.00260096 0.0136925 0.999903 0.890499
0.896743 0.442549 -0.00169503 54.8723 -0.442536 0.896669 -0.012117 43.083 -0.0038425 0.011616 0.999925 0.899938
0.8966 0.442841 -0.000802178 55.6001 -0.442823 0.896545 -0.0106759 42.7081 -0.00400853 0.00992723 0.999943 0.912598
0.896632 0.442777 -0.000283848 56.3268 -0.442764 0.896602 -0.00809987 42.3385 -0.00333193 0.00738828 0.999967 0.921441
0.896103 0.443845 0.000117461 57.0522 -0.443839 0.896093 -0.00494368 41.9688 -0.00229949 0.00437792 0.999988 0.929753
0.894887 0.446291 0.0015705 57.7774 -0.446287 0.894887 -0.00238076 41.5993 -0.00246793 0.00142961 0.999996 0.938597
0.893168 0.449705 0.00407367 58.5006 -0.449707 0.893176 -0.000547683 41.2262 -0.0038848 -0.00134278 0.999992 0.947903
0.890962 0.454016 0.00744037 59.2233 -0.454031 0.890986 0.000273789 40.85 -0.00650496 -0.00362209 0.999972 0.958421
0.888063 0.459598 0.0106591 59.9417 -0.459634 0.888108 0.00111529 40.4675 -0.00895388 -0.00588975 0.999943 0.967404
0.884616 0.466183 0.0113023 60.6522 -0.466229 0.884662 0.00172546 40.0795 -0.00919434 -0.00679583 0.999935 0.97472
0.880521 0.473882 0.0108824 61.3544 -0.473936 0.880555 0.0028671 39.6882 -0.00822384 -0.00768208 0.999937 0.979932
0.875687 0.482772 0.0101297 62.0499 -0.482821 0.875714 0.0029231 39.2867 -0.00745955 -0.00745056 0.999944 0.984576
0.87068 0.491739 0.010435 62.7386 -0.491781 0.870717 0.00175286 38.881 -0.00822397 -0.00665791 0.999944 0.990632
0.8653 0.501103 0.0123362 63.4195 -0.501161 0.865352 0.00196827 38.4727 -0.00968888 -0.00788559 0.999922 0.99706
0.859634 0.510755 0.0125957 64.0942 -0.510804 0.859697 0.000765655 38.0546 -0.0104374 -0.00709211 0.99992 0.999656
0.853883 0.520312 0.0126059 64.7593 -0.520359 0.853947 0.000536795 37.6317 -0.0104855 -0.00701796 0.99992 1.00218
0.84805 0.529776 0.0121735 65.4148 -0.529824 0.848107 0.000893767 37.2062 -0.00985092 -0.00720776 0.999925 1.00564
0.842287 0.538906 0.0115776 66.0629 -0.538959 0.84233 0.00186268 36.7762 -0.00874834 -0.00780875 0.999931 1.00854
0.836642 0.547649 0.0105071 66.6999 -0.547695 0.836676 0.00194065 36.3428 -0.00772822 -0.0073783 0.999943 1.01101
0.831328 0.555699 0.00961705 67.3259 -0.555737 0.831356 0.00175505 35.9067 -0.00701991 -0.00680358 0.999952 1.0146
0.825912 0.563726 0.00907351 67.9411 -0.563761 0.825937 0.0015821 35.4672 -0.00660227 -0.00642196 0.999958 1.01976
0.820487 0.571596 0.00884968 68.5474 -0.571627 0.820512 0.00125124 35.0281 -0.00654607 -0.00608535 0.99996 1.02378
0.81544 0.578779 0.00848566 69.1424 -0.578801 0.815469 8.59601e-05 34.5858 -0.00687004 -0.0049816 0.999964 1.02903
0.811016 0.584957 0.00883114 69.7281 -0.584966 0.811056 -0.00187593 34.1429 -0.00825989 -0.0036445 0.999959 1.03443
0.807808 0.589382 0.00867291 70.3025 -0.58936 0.807854 -0.00509857 33.7015 -0.0100114 -0.000992799 0.999949 1.04167
0.805348 0.59274 0.00859273 70.8712 -0.592679 0.805392 -0.00871525 33.2608 -0.0120864 0.00192609 0.999925 1.04502
0.803554 0.595168 0.00872433 71.4309 -0.595077 0.803593 -0.0110433 32.8271 -0.0135834 0.00368226 0.999901 1.04688
0.802451 0.596648 0.00906671 71.9777 -0.596544 0.802492 -0.0118776 32.4039 -0.0143627 0.00412247 0.999888 1.04857
0.801807 0.597518 0.00882531 72.5149 -0.59741 0.801843 -0.0122068 31.9878 -0.0143703 0.0045152 0.999887 1.04956
0.802159 0.597064 0.00737066 73.0368 -0.596961 0.802174 -0.0123962 31.5818 -0.0133139 0.00554377 0.999896 1.05041
0.803792 0.594883 0.00574245 73.5462 -0.594787 0.803784 -0.0126595 31.1884 -0.0121466 0.0067601 0.999903 1.05153
0.806624 0.591044 0.00494145 74.0452 -0.590957 0.806609 -0.0123398 30.8103 -0.0112792 0.00703338 0.999912 1.05327
0.811067 0.584934 0.00477193 74.5326 -0.584857 0.811055 -0.0115412 30.4512 -0.0106212 0.00656983 0.999922 1.05595
0.817271 0.576232 0.00489457 75.0091 -0.576163 0.817265 -0.0106769 30.1084 -0.0101526 0.00590589 0.999931 1.05989
0.824868 0.565305 0.00485421 75.473 -0.565239 0.824862 -0.0103981 29.7841 -0.00988212 0.00583324 0.999934 1.0646
0.834152 0.551519 0.00416128 75.9278 -0.551471 0.834147 -0.00890796 29.4842 -0.00838402 0.00513577 0.999952 1.06897
0.845233 0.534392 0.00236268 76.3832 -0.534368 0.845225 -0.00666431 29.202 -0.00555835 0.00437036 0.999975 1.07697
0.857705 0.514142 0.000253802 76.8391 -0.514137 0.857699 -0.00384318 28.9355 -0.00219362 0.00316582 0.999993 1.08532
0.871652 0.490125 -0.000804 77.2994 -0.490126 0.87165 -0.00188358 28.6816 -0.000222384 0.00203589 0.999998 1.09208
0.887029 0.461714 -0.000495813 77.7659 -0.461715 0.887028 -0.00108784 28.444 -6.24734e-05 0.00119387 0.999999 1.09914
0.903569 0.42844 0.00130972 78.238 -0.428437 0.903569 -0.00195541 28.2247 -0.0020212 0.00120572 0.999997 1.10669
0.920583 0.390519 0.00465931 78.7173 -0.390511 0.920595 -0.00258072 28.0296 -0.00529715 0.000556252 0.999986 1.11537
0.937074 0.349002 0.00952013 79.201 -0.348992 0.937122 -0.00276528 27.8601 -0.00988661 -0.000731178 0.999951 1.12366
0.952783 0.303323 0.0141407 79.6922 -0.303339 0.952882 -0.00104164 27.7133 -0.0137904 -0.00329696 0.9999 1.13197
0.967247 0.253282 0.0167878 80.1833 -0.253335 0.967378 0.00112241 27.602 -0.0159559 -0.0053386 0.999858 1.14098
0.979909 0.198713 0.0171003 80.67 -0.198769 0.980045 0.00164964 27.5168 -0.0164312 -0.0050155 0.999852 1.14455
0.990183 0.139008 0.0146313 81.1527 -0.139004 0.990291 -0.00132917 27.4577 -0.014674 -0.000717681 0.999892 1.14796
0.997147 0.0748363 0.00990862 81.6285 -0.0748113 0.997194 -0.00287524 27.434 -0.010096 0.00212576 0.999947 1.15165
0.999957 0.00835264 0.00403121 82.0999 -0.00832947 0.999949 -0.00573106 27.4428 -0.00407887 0.00569723 0.999975 1.1559
0.998233 -0.059423 -0.00021208 82.5658 0.0594216 0.998224 -0.00423819 27.4918 0.00046355 0.0042181 0.999991 1.15873
0.991856 -0.127315 -0.00353001 83.0251 0.127305 0.991859 -0.00292385 27.5744 0.00387352 0.00245065 0.999989 1.16191
0.980802 -0.194918 -0.00579607 83.4771 0.194896 0.980815 -0.00410918 27.6857 0.00648582 0.00290067 0.999975 1.16677
0.965359 -0.260874 -0.00519441 83.9209 0.260842 0.965362 -0.00617384 27.8254 0.00662508 0.00460505 0.999967 1.17474
0.945643 -0.325204 -0.00100281 84.3546 0.325193 0.94563 -0.00584929 27.9967 0.00285049 0.00520523 0.999982 1.18465
0.921687 -0.3879 0.00526859 84.7751 0.387923 0.921681 -0.00446139 28.1995 -0.00312539 0.00615581 0.999976 1.19594
0.894489 -0.446978 0.0100199 85.1804 0.447017 0.894523 -0.00197804 28.4338 -0.00807887 0.00624839 0.999948 1.20555
0.865052 -0.501445 0.0154429 85.5752 0.501491 0.865162 0.000964941 28.6922 -0.0138445 0.00690976 0.99988 1.21144
0.835033 -0.549892 0.0183836 85.9567 0.549886 0.835219 0.00581752 28.9762 -0.0185533 0.00525106 0.999814 1.2186
0.806082 -0.591504 0.0188457 86.3237 0.591439 0.806295 0.00942449 29.2798 -0.0207698 0.0035492 0.999778 1.22172
0.779605 -0.626058 0.0163748 86.6804 0.625848 0.779773 0.0164056 29.61 -0.0230395 -0.00254172 0.999731 1.21804
0.755764 -0.654731 0.012219 87.026 0.654506 0.755841 0.0180287 29.9462 -0.0210396 -0.00562805 0.999763 1.20906
0.733915 -0.679172 0.00974195 87.3718 0.678953 0.733946 0.0185945 30.2911 -0.0197789 -0.00703245 0.99978 1.19925
0.717347 -0.696588 0.0133609 87.7222 0.696453 0.717471 0.0136905 30.635 -0.0191227 -0.000515616 0.999817 1.19267
0.70578 -0.708254 0.0158225 88.0706 0.708162 0.705952 0.0118032 30.9886 -0.0195296 0.00287446 0.999805 1.19116
0.69637 -0.717566 0.012937 88.4163 0.717434 0.69649 0.013806 31.358 -0.0189172 -0.000332619 0.999821 1.18407
0.689197 -0.724519 0.00892816 88.7657 0.724325 0.689231 0.0177148 31.7412 -0.0189883 -0.00574207 0.999803 1.17056
0.684581 -0.72893 0.0030194 89.1171 0.728722 0.684474 0.0214567 32.132 -0.0177071 -0.0124885 0.999765 1.16332
0.682447 -0.730926 -0.00361035 89.4769 0.730801 0.68222 0.0224837 32.5289 -0.0139709 -0.0179824 0.999741 1.16083
0.681774 -0.731536 -0.00625766 89.8483 0.731467 0.681522 0.0219774 32.9281 -0.0118125 -0.0195609 0.999739 1.1623
0.683368 -0.730039 -0.00716525 90.2314 0.730018 0.68316 0.0191219 33.3307 -0.0090647 -0.018298 0.999791 1.16207
0.686464 -0.727103 -0.00938817 90.6253 0.72716 0.686364 0.01191 33.736 -0.00221612 -0.0150025 0.999885 1.15721
0.689542 -0.724148 -0.0119116 91.0251 0.724239 0.689512 0.00712988 34.1495 0.00305009 -0.0135432 0.999904 1.15338
0.69272 -0.721049 -0.015069 91.4346 0.721203 0.692637 0.0110067 34.5832 0.00250092 -0.0184924 0.999826 1.15599
0.696815 -0.717082 -0.0155479 91.8538 0.717249 0.696608 0.0170418 35.0267 -0.00138954 -0.0230267 0.999734 1.16089
0.700382 -0.71368 -0.0112102 92.2928 0.713744 0.700141 0.0192934 35.4686 -0.0059206 -0.021514 0.999751 1.1656
0.703079 -0.711095 -0.00484355 92.7451 0.711014 0.702853 0.0213612 35.9142 -0.0117855 -0.0184624 0.99976 1.16889
0.705561 -0.70865 -0.00018847 93.2046 0.708453 0.705359 0.0237199 36.3683 -0.0166762 -0.0168694 0.999719 1.16993
0.70786 -0.706343 0.00373056 93.6708 0.706123 0.707754 0.0217751 36.8258 -0.018021 -0.0127795 0.999756 1.1658
0.708311 -0.705884 0.00494245 94.1448 0.705734 0.708278 0.0168115 37.2855 -0.0153676 -0.00841972 0.999846 1.16138
0.708178 -0.706029 0.00256894 94.6213 0.705971 0.708158 0.0108213 37.7529 -0.00945941 -0.00584984 0.999938 1.15752
0.707778 -0.70643 -0.00272882 95.1001 0.706434 0.707763 0.00486143 38.2314 -0.00150291 -0.00536854 0.999985 1.15391
0.706125 -0.708045 -0.00777853 95.5888 0.708081 0.706123 0.00351422 38.7239 0.00300437 -0.00798931 0.999964 1.15143
0.704315 -0.709869 -0.00505805 96.092 0.709887 0.70429 0.00596045 39.229 -0.000668811 -0.00778868 0.999969 1.15146
0.703044 -0.711144 0.00189985 96.6087 0.711102 0.703028 0.00924437 39.7448 -0.00790972 -0.00514821 0.999955 1.15657
0.701173 -0.71297 0.00553636 97.1279 0.712838 0.701162 0.0152713 40.2714 -0.0147699 -0.00676132 0.999868 1.16233
0.699795 -0.714337 0.003183 97.6446 0.714196 0.699733 0.0172501 40.8054 -0.0145496 -0.00979824 0.999846 1.16225
0.698437 -0.715663 -0.00355265 98.1623 0.715603 0.698292 0.017337 41.3485 -0.00992669 -0.0146511 0.999843 1.15863
0.69584 -0.718159 -0.00742252 98.6914 0.718183 0.695724 0.0134722 41.8942 -0.00451117 -0.0147052 0.999882 1.15393
0.692861 -0.721018 -0.00872216 99.229 0.72107 0.692791 0.00991408 42.4499 -0.0011056 -0.0131584 0.999913 1.15184
0.690097 -0.723688 -0.00650103 99.7765 0.723713 0.690033 0.00972389 43.0184 -0.00255114 -0.0114153 0.999932 1.15429
0.687464 -0.726214 -0.00261907 100.33 0.726208 0.68743 0.0079381 43.5927 -0.00396433 -0.00735914 0.999965 1.15921
0.68604 -0.727564 5.62416e-05 100.89 0.727532 0.68601 0.00937414 44.1799 -0.00685887 -0.00639012 0.999956 1.16431
0.684879 -0.728648 0.00373273 101.462 0.728596 0.684878 0.00951302 44.7829 -0.00948811 -0.00379561 0.999948 1.16434
0.684369 -0.729088 0.00837699 102.037 0.729055 0.684419 0.00698828 45.3842 -0.0108284 0.00132473 0.99994 1.16316
0.683894 -0.72953 0.00862039 102.612 0.72948 0.683948 0.00856963 45.9965 -0.0121477 0.000427687 0.999926 1.16396
0.684245 -0.729239 0.00433499 103.182 0.729178 0.684248 0.0102493 46.6126 -0.0104404 -0.00385205 0.999938 1.16428
0.684698 -0.728824 -0.00182606 103.755 0.728791 0.684637 0.0116759 47.2333 -0.00725946 -0.00932525 0.99993 1.16389
0.685245 -0.728265 -0.00833413 104.33 0.72829 0.685088 0.0157777 47.8572 -0.00578074 -0.0168812 0.999841 1.16262
0.687103 -0.726438 -0.0133172 104.91 0.726532 0.6868 0.0213873 48.4886 -0.00639032 -0.0243706 0.999683 1.16552
0.689482 -0.724164 -0.0141945 105.497 0.724245 0.689047 0.0261361 49.1185 -0.00914616 -0.0283006 0.999558 1.17084
0.691292 -0.722424 -0.0147982 106.093 0.722524 0.690855 0.0260375 49.742 -0.00858669 -0.0286916 0.999551 1.17376
0.6928 -0.720943 -0.0164204 106.689 0.72111 0.692431 0.0232377 50.3668 -0.00538312 -0.02794 0.999595 1.17202
0.693528 -0.72035 -0.0106609 107.302 0.720402 0.693297 0.0189984 50.9987 -0.00629433 -0.0208561 0.999763 1.16274
0.69384 -0.720106 -0.00582413 107.913 0.720103 0.693724 0.014104 51.624 -0.00611601 -0.0139799 0.999884 1.15881
0.694905 -0.719087 -0.00456677 108.519 0.719075 0.694812 0.0129308 52.2516 -0.00612531 -0.0122695 0.999906 1.1582
0.695651 -0.718355 -0.00595578 109.12 0.718336 0.695494 0.016784 52.8858 -0.00791468 -0.0159541 0.999841 1.15538
0.696309 -0.717729 -0.00431309 109.723 0.717623 0.696071 0.0223875 53.5206 -0.0130659 -0.0186838 0.99974 1.15191
0.696999 -0.717062 -0.00367498 110.326 0.716816 0.696605 0.0302499 54.1507 -0.019131 -0.0237184 0.999536 1.15303
0.697919 -0.716149 -0.00639375 110.922 0.716053 0.697604 0.0248192 54.7528 -0.013314 -0.0219001 0.999671 1.15953
0.698273 -0.715745 -0.0111355 111.519 0.715832 0.69819 0.0107618 55.3393 7.19628e-05 -0.0154858 0.99988 1.16738
0.69799 -0.715968 -0.0141238 112.119 0.71602 0.698077 -0.0018156 55.9249 0.0111594 -0.00884568 0.999899 1.17653
0.697376 -0.716638 -0.00981773 112.724 0.716685 0.697395 0.00194336 56.5296 0.00545415 -0.00839147 0.99995 1.18925
0.696416 -0.717614 0.0058805 113.336 0.717457 0.696401 0.016788 57.1472 -0.0161425 -0.00747242 0.999842 1.20339
0.695195 -0.718606 0.0175905 113.943 0.718019 0.695368 0.0302113 57.7609 -0.0339419 -0.00837239 0.999389 1.21669
0.694823 -0.719057 0.0133444 114.53 0.718586 0.694884 0.0277578 58.3541 -0.0292322 -0.00969763 0.999526 1.20904
0.6942 -0.719781 -0.000658718 115.105 0.719653 0.694059 0.0194993 58.9381 -0.013578 -0.0140105 0.99981 1.1903
0.693442 -0.720485 -0.00626794 115.687 0.720499 0.69335 0.0121499 59.5203 -0.00440793 -0.0129413 0.999907 1.17384
0.692099 -0.721789 -0.00440367 116.276 0.721798 0.692057 0.00805139 60.1057 -0.00276381 -0.00875092 0.999958 1.17405
0.690135 -0.723677 -0.00226695 116.855 0.723654 0.690079 0.0107228 60.7049 -0.00619546 -0.00904066 0.99994 1.17465
0.687582 -0.726101 -0.00281763 117.424 0.726092 0.687539 0.00895109 61.2991 -0.00456217 -0.00820048 0.999956 1.16362
0.68406 -0.729413 -0.0043834 117.989 0.729423 0.684026 0.00715087 61.8904 -0.00221758 -0.00808898 0.999965 1.14869
0.681703 -0.731593 -0.00725304 118.546 0.731622 0.681619 0.011148 62.4907 -0.00321196 -0.0129061 0.999912 1.14467
0.68005 -0.733051 -0.0129808 119.099 0.733165 0.679909 0.0139196 63.0912 -0.00137797 -0.0189831 0.999819 1.13765
0.67867 -0.734322 -0.013339 119.658 0.734434 0.678455 0.0174679 63.6919 -0.00377715 -0.0216516 0.999758 1.13671
0.677612 -0.735358 -0.00947762 120.22 0.735371 0.677363 0.020222 64.2895 -0.00845059 -0.0206722 0.999751 1.13585
0.676648 -0.736261 -0.00823342 120.777 0.736251 0.676417 0.0198697 64.883 -0.00906002 -0.0195066 0.999769 1.13488
0.674779 -0.737967 -0.0087657 121.329 0.737999 0.674625 0.0154428 65.477 -0.0054827 -0.0168895 0.999842 1.1326
0.671479 -0.740991 -0.00698662 121.877 0.741019 0.671412 0.00985901 66.0638 -0.00261454 -0.0117973 0.999927 1.12665
0.66664 -0.745359 -0.00556148 122.422 0.74538 0.666615 0.00574431 66.6631 -0.000574209 -0.0079748 0.999968 1.12575
0.661583 -0.749868 -0.00250283 122.962 0.749856 0.661544 0.00866516 67.2754 -0.00484199 -0.00760949 0.999959 1.12883
0.656858 -0.754005 0.00365328 123.501 0.75389 0.65683 0.0149625 67.893 -0.0136814 -0.00707409 0.999881 1.13304
0.653505 -0.756834 0.0115769 124.032 0.756588 0.653595 0.0197003 68.5153 -0.0224765 -0.00411524 0.999739 1.1282
0.650338 -0.759597 0.00849391 124.548 0.759183 0.650292 0.027575 69.141 -0.0264695 -0.0114847 0.999584 1.1206
0.647029 -0.762458 0.00331521 125.058 0.762155 0.646884 0.0257152 69.7607 -0.0217514 -0.0141118 0.999664 1.11089
0.641802 -0.766867 -0.00232575 125.569 0.766783 0.64168 0.0170475 70.3722 -0.0115808 -0.0127245 0.999852 1.09883
0.636788 -0.771031 -0.00365604 126.083 0.771024 0.636737 0.00939882 70.9917 -0.00491884 -0.00880395 0.999949 1.08622
0.631632 -0.775265 -0.00238205 126.598 0.775252 0.631595 0.00853822 71.6239 -0.00511489 -0.0072397 0.999961 1.08258
0.625585 -0.780135 -0.00563969 127.105 0.780105 0.625445 0.0159821 72.2722 -0.00894086 -0.0143977 0.999856 1.08678
0.619425 -0.784982 -0.0107686 127.602 0.785014 0.619193 0.0187637 72.9214 -0.00806135 -0.0200762 0.999766 1.08596
0.611647 -0.790969 -0.0159761 128.099 0.791127 0.611457 0.0154804 73.5638 -0.00247586 -0.0221077 0.999753 1.08197
0.604769 -0.796231 -0.0164353 128.596 0.796401 0.604651 0.0119505 74.2099 0.000422265 -0.0203164 0.999794 1.07443
0.598301 -0.801115 -0.0158089 129.09 0.80127 0.598161 0.0130043 74.8687 -0.000961743 -0.0204477 0.99979 1.07104
0.591972 -0.805822 -0.0148115 129.572 0.80592 0.591666 0.0205886 75.5427 -0.00782725 -0.0241247 0.999678 1.06688
0.585459 -0.810574 -0.0143841 130.049 0.810587 0.584986 0.0271954 76.2229 -0.0136294 -0.0275813 0.999527 1.0659
0.579275 -0.815044 -0.0119648 130.522 0.814943 0.578763 0.0300314 76.899 -0.0175522 -0.0271471 0.999477 1.06248
0.57404 -0.818751 -0.0111549 130.994 0.818603 0.573512 0.0311866 77.5754 -0.0191366 -0.0270338 0.999451 1.05668
0.570412 -0.82128 -0.0113484 131.459 0.82116 0.569917 0.029825 78.2542 -0.018027 -0.0263314 0.999491 1.05174
0.566748 -0.823695 -0.0179687 131.916 0.823804 0.566239 0.0268245 78.9336 -0.0119206 -0.0300054 0.999479 1.048
0.5638 -0.82548 -0.026702 132.362 0.825887 0.563242 0.025871 79.6179 -0.00631631 -0.0366389 0.999309 1.04141
0.561522 -0.826938 -0.0294335 132.812 0.827457 0.561046 0.0232704 80.3039 -0.0027296 -0.0374218 0.999296 1.03286
0.55894 -0.828737 -0.027945 133.271 0.829165 0.558246 0.0291214 81.0015 -0.00853376 -0.0394481 0.999185 1.02501
0.55712 -0.830057 -0.0249427 133.727 0.830239 0.556092 0.0382733 81.707 -0.0178986 -0.0420312 0.998956 1.01598
0.554379 -0.831986 -0.021538 134.184 0.831852 0.553104 0.0457986 82.4089 -0.026191 -0.0433062 0.998718 1.0078
0.550436 -0.834614 -0.0209936 134.634 0.834527 0.549301 0.0428198 83.0987 -0.0242062 -0.0410892 0.998862 0.995013
0.546114 -0.837544 -0.0167311 135.087 0.837561 0.545528 0.0298439 83.7769 -0.0158683 -0.0303114 0.999415 0.979344
0.540354 -0.841288 -0.0158664 135.533 0.841394 0.540039 0.020314 84.4619 -0.00852149 -0.0243266 0.999668 0.959107
0.534517 -0.844957 -0.0184232 135.966 0.845099 0.534094 0.0234955 85.1666 -0.010013 -0.0281281 0.999554 0.944681
0.528255 -0.848963 -0.0144644 136.403 0.848954 0.527795 0.0266323 85.8772 -0.0149756 -0.0263483 0.999541 0.934973
0.521929 -0.852946 -0.00859364 136.843 0.85276 0.521529 0.028426 86.5886 -0.019764 -0.0221647 0.999559 0.923786
0.51696 -0.856009 -0.000296134 137.284 0.855725 0.516779 0.0259549 87.3046 -0.0220646 -0.013671 0.999663 0.907661
0.51174 -0.859131 0.00403089 137.719 0.858834 0.511677 0.0243098 88.0264 -0.0229478 -0.00897842 0.999696 0.895125
0.506534 -0.862209 0.00424136 138.143 0.862041 0.506523 0.0178718 88.7469 -0.0175576 -0.00539645 0.999831 0.882888
0.500526 -0.865702 0.00573945 138.563 0.86569 0.500554 0.0052588 89.4609 -0.00742546 0.00233641 0.99997 0.867187
0.494549 -0.869065 0.0121541 138.99 0.86915 0.494495 -0.00733257 90.1756 0.000362338 0.01419 0.999899 0.857193
0.488947 -0.872196 0.0143234 139.405 0.872282 0.489004 0.000489938 90.9188 -0.00743152 0.0122545 0.999897 0.850422
0.484198 -0.874875 0.0120987 139.807 0.874721 0.484343 0.016573 91.6804 -0.0203592 0.00255833 0.999789 0.845721
0.479777 -0.877323 0.0109338 140.205 0.876904 0.479888 0.0273332 92.4384 -0.0292271 -0.00352594 0.999567 0.841041
0.476318 -0.879212 0.0103522 140.602 0.878839 0.47642 0.0258161 93.1841 -0.0276298 -0.00319875 0.999613 0.826722
0.474836 -0.880064 0.00415049 140.992 0.879906 0.474833 0.0172775 93.9254 -0.0171761 -0.00455196 0.999842 0.809831
0.472514 -0.881267 -0.00997238 141.371 0.881294 0.472376 0.013436 94.6741 -0.00712994 -0.0151373 0.99986 0.79761
0.470778 -0.882171 -0.0119553 141.763 0.882244 0.470676 0.0104341 95.4255 -0.00357755 -0.0154597 0.999874 0.789886
0.468357 -0.883526 -0.00480714 142.172 0.883512 0.468292 0.0104458 96.1791 -0.00697799 -0.00913952 0.999934 0.7878
0.46793 -0.883766 -0.000426438 142.574 0.883621 0.467844 0.0183311 96.9427 -0.0160009 -0.00895446 0.999832 0.784853
0.468145 -0.883651 0.00103067 142.971 0.883369 0.468025 0.0247344 97.7107 -0.022339 -0.0106689 0.999694 0.783838
0.466708 -0.88441 0.001432 143.369 0.884161 0.466614 0.0230248 98.469 -0.0210315 -0.00947974 0.999734 0.781208
0.464982 -0.885319 -0.00158716 143.763 0.885216 0.464899 0.0161551 99.2216 -0.0135645 -0.00891679 0.999868 0.777585
0.46319 -0.886257 0.0016607 144.165 0.886257 0.463192 0.00141763 99.9646 -0.00202561 0.000815174 0.999998 0.772807
0.461251 -0.887222 0.00919413 144.572 0.887263 0.461183 -0.00858834 100.71 0.00337958 0.012119 0.999921 0.773127
0.460148 -0.887785 0.0100835 144.967 0.887842 0.460131 -0.00409455 101.475 -0.00100464 0.0108366 0.999941 0.778018
0.45892 -0.88842 0.0100996 145.357 0.888417 0.458992 0.0064946 102.246 -0.0104056 0.00599215 0.999928 0.788207
0.457335 -0.889231 0.0106718 145.742 0.889147 0.457445 0.0126955 103.006 -0.016171 0.00368274 0.999862 0.793733
0.45652 -0.889649 0.0107018 146.129 0.889627 0.456611 0.00839398 103.752 -0.0123542 0.00568855 0.999907 0.792064
0.456528 -0.889679 0.00734032 146.514 0.889689 0.456558 0.00293701 104.495 -0.00596427 0.00518978 0.999969 0.788586
0.456336 -0.889807 0.000539306 146.887 0.889797 0.456334 0.00443392 105.248 -0.00419143 -0.00154349 0.99999 0.787911
0.45591 -0.890026 -0.000249171 147.267 0.889986 0.455887 0.0095805 106.001 -0.0084133 -0.00458961 0.999954 0.791232
0.455137 -0.890419 -0.00193889 147.645 0.890348 0.455071 0.013846 106.75 -0.0114464 -0.00802812 0.999902 0.795195
0.454811 -0.890582 -0.00324869 148.021 0.890472 0.454689 0.0178245 107.499 -0.014397 -0.0109996 0.999836 0.793444
0.454343 -0.890801 -0.00681376 148.391 0.890712 0.454148 0.0195141 108.245 -0.0142887 -0.0149352 0.999786 0.791261
0.453837 -0.891061 -0.00641902 148.762 0.891002 0.453686 0.0168648 108.984 -0.0121154 -0.0133732 0.999837 0.789631
0.452993 -0.891446 -0.0109976 149.124 0.891492 0.45286 0.012609 109.714 -0.00625988 -0.015516 0.99986 0.784904
0.451892 -0.891984 -0.0125562 149.484 0.892058 0.451758 0.0121378 110.445 -0.00515431 -0.0166858 0.999847 0.7785
0.454407 -0.890701 -0.0128984 149.808 0.890783 0.454281 0.0116399 111.079 -0.00450817 -0.0167789 0.999849 0.772177
0.457095 -0.88932 -0.0131985 150.13 0.88941 0.456976 0.0111262 111.709 -0.00386334 -0.0168246 0.999851 0.765864
0.459778 -0.887931 -0.013502 150.452 0.888028 0.459667 0.0106143 112.339 -0.00321832 -0.0168704 0.999852 0.759548
0.462457 -0.886534 -0.0138086 150.774 0.886638 0.462354 0.0101044 112.969 -0.00257346 -0.0169161 0.999854 0.753234
0.465131 -0.885129 -0.0141184 151.096 0.88524 0.465036 0.00959657 113.599 -0.00192865 -0.0169618 0.999854 0.746919
0.467801 -0.883716 -0.0144314 151.418 0.883833 0.467715 0.00909056 114.229 -0.00128368 -0.0170075 0.999855 0.740603
0.470467 -0.882294 -0.0147476 151.74 0.882417 0.470389 0.00858652 114.859 -0.000638714 -0.0170532 0.999854 0.734286
0.473128 -0.880865 -0.015067 152.062 0.880993 0.473059 0.00808447 115.489 6.27642e-06 -0.0170989 0.999854 0.727969
0.475785 -0.879427 -0.0153896 152.384 0.879561 0.475725 0.00758443 116.12 0.000651268 -0.0171446 0.999853 0.721651
0.478438 -0.877981 -0.0157153 152.706 0.87812 0.478387 0.00708641 116.75 0.00129627 -0.0171903 0.999851 0.715333
0.481086 -0.876527 -0.0160441 153.028 0.876671 0.481044 0.00659044 117.38 0.00194125 -0.017236 0.99985 0.709014
0.483728 -0.875065 -0.0163761 153.35 0.875214 0.483697 0.00609663 118.01 0.0025861 -0.0172817 0.999847 0.702696
0.486366 -0.873595 -0.0167111 153.672 0.873749 0.486345 0.0056049 118.64 0.00323094 -0.0173273 0.999845 0.696378
0.489 -0.872117 -0.0170492 153.994 0.872275 0.488988 0.00511523 119.27 0.0038758 -0.017373 0.999842 0.69006
0.491628 -0.870632 -0.0173904 154.316 0.870794 0.491627 0.0046278 119.899 0.00452048 -0.0174186 0.999838 0.683742
0.494251 -0.869139 -0.0177346 154.638 0.869304 0.49426 0.00414261 120.529 0.00516499 -0.0174642 0.999834 0.677426
0.500284 -0.865689 -0.0172896 154.954 0.865849 0.500284 0.00462128 121.104 0.00464912 -0.0172821 0.99984 0.676599
0.505455 -0.862776 -0.011522 155.281 0.862853 0.505395 0.00779032 121.665 -0.000898153 -0.0138794 0.999903 0.680161
0.510574 -0.859831 -0.0021278 155.617 0.8598 0.51053 0.0101454 122.218 -0.00763702 -0.00700946 0.999946 0.688143
0.515425 -0.856924 0.00432137 155.952 0.856885 0.515443 0.0081921 122.76 -0.00924742 -0.000519501 0.999957 0.693524
0.518523 -0.855051 0.00457474 156.281 0.854998 0.518542 0.00964936 123.305 -0.0106229 -0.00109202 0.999943 0.695133
0.519461 -0.854491 0.00233295 156.608 0.854422 0.51945 0.0116316 123.852 -0.0111509 -0.00404883 0.99993 0.693593
0.519518 -0.854455 0.00267795 156.941 0.854371 0.519507 0.0127801 124.403 -0.0123112 -0.00435152 0.999915 0.687772
0.518562 -0.855031 0.0039838 157.275 0.854904 0.518557 0.0154322 124.961 -0.0152609 -0.00459682 0.999873 0.683897
0.518613 -0.854998 0.00433464 157.609 0.854815 0.518597 0.0186499 125.527 -0.0181935 -0.00596675 0.999817 0.677222
0.518661 -0.854967 -0.00474924 157.929 0.85486 0.518487 0.0196465 126.094 -0.0143346 -0.0142498 0.999796 0.67011
0.518033 -0.85525 -0.0137639 158.251 0.855344 0.517854 0.0146385 126.659 -0.00539191 -0.0193561 0.999798 0.663246
0.516281 -0.856244 -0.0173141 158.581 0.856414 0.516246 0.00678907 127.222 0.00312524 -0.0183331 0.999827 0.658858
0.513394 -0.858026 -0.0147766 158.924 0.858106 0.513471 -0.00165826 127.788 0.0090102 -0.0118286 0.999889 0.65381
0.50999 -0.860089 -0.0125589 159.262 0.860174 0.50999 0.00343037 128.371 0.0034545 -0.0125523 0.999915 0.64811
0.506422 -0.862178 -0.0136498 159.591 0.862247 0.506185 0.0175089 128.973 -0.00818642 -0.0206364 0.999754 0.652567
0.502771 -0.864412 -0.00350142 159.936 0.864138 0.5025 0.0275499 129.575 -0.022055 -0.016877 0.999614 0.65638
0.498949 -0.866598 0.00759263 160.285 0.865978 0.498894 0.0344371 130.174 -0.0336311 -0.0106073 0.999378 0.651893
0.496238 -0.868135 0.00951218 160.624 0.867614 0.496279 0.0308759 130.767 -0.0315251 -0.00706887 0.999478 0.637359
0.494369 -0.869247 0.00285945 160.946 0.868841 0.494234 0.0291232 131.356 -0.0267285 -0.0119132 0.999572 0.630252
