0.47122 -0.881788 0.02003 0.678863 0.881917 0.471386 0.00429228 0.565983 -0.0132268 0.0156422 0.99979 0.783861
0.47264 -0.881087 0.0172129 1.11746 0.881207 0.472729 0.0012705 1.41297 -0.00925645 0.0145676 0.999851 0.781749
0.473678 -0.880572 0.0149001 1.57424 0.880676 0.473718 -0.000959033 2.26552 -0.00621393 0.0135764 0.999888 0.777731
0.47464 -0.880057 0.0147321 2.03659 0.880141 0.47471 0.00147838 3.12768 -0.00829454 0.0122646 0.99989 0.774616
0.473968 -0.880362 0.017825 2.50912 0.880468 0.474093 0.00334534 4.00062 -0.0113958 0.0141088 0.999835 0.774508
0.473418 -0.880502 0.0243241 2.97306 0.880711 0.473638 0.00390142 4.87099 -0.014956 0.0195755 0.999696 0.767458
0.472489 -0.880744 0.0323229 3.43325 0.881215 0.472715 -0.000749999 5.71808 -0.0146189 0.0288378 0.999477 0.763514
0.471571 -0.881208 0.0330616 3.90255 0.881752 0.471693 -0.00450196 6.58488 -0.0116277 0.0312751 0.999443 0.762107
0.470185 -0.882032 0.030759 4.37365 0.882529 0.470205 -0.00703115 7.47403 -0.00826134 0.0304517 0.999502 0.761724
0.468487 -0.883036 0.0276921 4.82898 0.883442 0.468492 -0.00667578 8.3553 -0.0070786 0.0275919 0.999594 0.754452
0.467482 -0.883596 0.0268123 5.28912 0.883964 0.46753 -0.00484022 9.23465 -0.00825877 0.0259639 0.999629 0.762078
0.466427 -0.884163 0.0264879 5.76006 0.884495 0.466545 -0.00189513 10.1348 -0.0106822 0.0243124 0.999647 0.759175
0.46532 -0.884784 0.0252038 6.21652 0.885059 0.465479 0.0004878 11.0226 -0.0121634 0.0220799 0.999682 0.763313
0.464509 -0.885156 0.0270442 6.68761 0.885445 0.464737 0.00251502 11.9211 -0.0147947 0.0227779 0.999631 0.753822
0.464204 -0.885354 0.0257641 7.14698 0.885548 0.4645 0.00667146 12.8049 -0.017874 0.0197185 0.999646 0.762332
0.463724 -0.885606 0.0257174 7.60195 0.885738 0.46408 0.00987155 13.7099 -0.0206772 0.0182013 0.99962 0.747422
0.463701 -0.885619 0.0257024 8.06048 0.885752 0.464056 0.00980696 14.5966 -0.0206126 0.0182185 0.999622 0.734468
0.463503 -0.885694 0.0266598 8.52626 0.885885 0.463838 0.00782958 15.4939 -0.0193005 0.0199885 0.999614 0.7261
0.463709 -0.885686 0.0230925 8.97177 0.885818 0.463973 0.00748228 16.3733 -0.0173413 0.0169862 0.999705 0.719096
0.463128 -0.886033 0.0214133 9.39781 0.886175 0.463324 0.0050227 17.244 -0.0143715 0.0166497 0.999758 0.632885
0.462424 -0.886387 0.0219572 9.86372 0.886532 0.462635 0.00549149 18.1285 -0.0150258 0.0169264 0.999744 0.620967
0.461459 -0.886955 0.0191464 10.3399 0.88701 0.461672 0.00853911 19.0103 -0.0164132 0.0130426 0.99978 0.615284
0.461683 -0.886779 0.021726 10.7873 0.886933 0.461875 0.00455381 19.8931 -0.0140729 0.0171671 0.999754 0.619518
0.46167 -0.8868 0.0211415 11.2347 0.886993 0.461783 0.000522648 20.7851 -0.0102263 0.0185111 0.999776 0.611727
0.461366 -0.887039 0.0174451 11.6795 0.88717 0.461443 0.0004897 21.6193 -0.00848432 0.0152508 0.999848 0.62668
0.461138 -0.887171 0.0167154 12.1358 0.887262 0.461252 0.00356496 22.5055 -0.0108727 0.013187 0.999854 0.63347
0.460637 -0.887385 0.0189843 12.6049 0.887483 0.460807 0.00558097 23.3744 -0.0137006 0.0142774 0.999804 0.62771
0.460399 -0.887452 0.0214984 13.0463 0.88759 0.460603 0.00546866 24.2707 -0.0147554 0.016564 0.999754 0.622484
0.460093 -0.887546 0.0240328 13.4764 0.887769 0.460282 0.00271567 25.0878 -0.0134721 0.0200861 0.999707 0.627288
0.459858 -0.887651 0.0246357 13.9222 0.887904 0.460027 0.00135497 25.929 -0.0125358 0.0212511 0.999696 0.641046
0.458672 -0.888306 0.0230548 14.3458 0.888508 0.458852 0.0029115 26.8023 -0.0131651 0.019149 0.99973 0.637101
0.459199 -0.887953 0.0260127 14.8247 0.888164 0.459486 0.00606414 27.6937 -0.0173372 0.0203189 0.999643 0.632032
0.458647 -0.888107 0.0301627 15.264 0.888366 0.459061 0.00826775 28.5175 -0.0211892 0.0230035 0.999511 0.624973
0.457764 -0.888523 0.0312913 15.7078 0.888745 0.458269 0.0110793 29.3704 -0.024184 0.0227383 0.999449 0.61213
0.456546 -0.889113 0.0323048 16.1178 0.889411 0.457022 0.00888888 30.1936 -0.0226672 0.024674 0.999438 0.597363
0.455837 -0.889528 0.0308664 16.5282 0.889923 0.456107 0.00192613 31.0372 -0.0157917 0.0265907 0.999522 0.586231
0.455501 -0.889862 0.025779 16.936 0.890177 0.455611 -0.0017806 31.8167 -0.0101607 0.0237589 0.999666 0.597258
0.453983 -0.890768 0.0207959 17.3424 0.890953 0.454094 0.000743463 32.6274 -0.0101056 0.0181907 0.999783 0.591972
0.453696 -0.890914 0.0207928 17.7406 0.891071 0.453853 0.00329748 33.4727 -0.0123746 0.0170318 0.999778 0.573263
0.452636 -0.891453 0.0207642 18.1372 0.89159 0.452818 0.00483636 34.2632 -0.0137138 0.016324 0.999773 0.580345
0.451466 -0.892056 0.0203468 18.5398 0.892184 0.451645 0.00503234 35.0256 -0.0136787 0.0158812 0.99978 0.582289
0.449824 -0.892948 0.0173683 18.9049 0.892984 0.450008 0.00851198 35.8383 -0.0154166 0.0116807 0.999813 0.578976
0.448262 -0.893762 0.0158629 19.296 0.893772 0.448429 0.00914842 36.5708 -0.0152899 0.0100769 0.999832 0.588489
0.447412 -0.894213 0.0143451 19.6588 0.894186 0.447569 0.0106528 37.256 -0.0159463 0.00806096 0.99984 0.580686
0.445545 -0.895123 0.0156643 20.0301 0.895093 0.445731 0.011476 38.0424 -0.0172545 0.00890798 0.999811 0.568477
0.444234 -0.895769 0.0159616 20.3674 0.89571 0.444441 0.013272 38.7472 -0.0189827 0.00840108 0.999785 0.572796
0.443173 -0.896311 0.0149956 20.7154 0.896145 0.443393 0.0180526 39.442 -0.0228297 0.00543786 0.999725 0.556633
0.441727 -0.896991 0.0168522 21.0442 0.896816 0.441997 0.018963 40.1456 -0.0244583 0.00673687 0.999678 0.551375
0.44069 -0.897509 0.0164648 21.3508 0.897374 0.440938 0.017125 40.8013 -0.0226298 0.00722831 0.999718 0.544917
0.440131 -0.897779 0.0166496 21.698 0.897787 0.440319 0.00991325 41.483 -0.016231 0.0105846 0.999812 0.53964
0.43907 -0.898389 0.0107307 21.9861 0.898398 0.439144 0.00578358 42.144 -0.00990822 0.00710103 0.999926 0.550845
0.438666 -0.898637 0.00475706 22.2996 0.898616 0.438689 0.00633696 42.8031 -0.00778151 0.00149496 0.999969 0.552795
0.438779 -0.898582 0.0047384 22.598 0.898539 0.438805 0.00879925 43.4023 -0.00998609 0.00039671 0.99995 0.575088
0.436935 -0.899422 0.0113 22.8632 0.899401 0.437035 0.00880117 44.0192 -0.0128545 0.00631769 0.999897 0.563919
0.436239 -0.899754 0.0117255 23.1524 0.89976 0.436331 0.00681411 44.5686 -0.0112472 0.0075776 0.999908 0.568054
0.436244 -0.899716 0.0142643 23.431 0.899804 0.436294 0.000455484 45.1071 -0.00663321 0.0126363 0.999898 0.556384
0.437196 -0.899315 0.00956896 23.6856 0.899366 0.437185 -0.00332286 45.6176 -0.0011951 0.0100587 0.999949 0.57943
0.440171 -0.897879 0.00792688 23.9655 0.897914 0.440159 -0.0032367 46.1875 -0.00058293 0.00854236 0.999963 0.57679
0.44379 -0.896116 0.00525244 24.1805 0.896127 0.443798 0.000503407 46.684 -0.00278214 0.00448345 0.999986 0.58598
0.44781 -0.894102 0.00692925 24.4385 0.894108 0.447839 0.00321872 47.2152 -0.00598105 0.00475413 0.999971 0.582874
0.452676 -0.891554 0.0146745 24.6822 0.891616 0.452774 0.00404138 47.6849 -0.0102473 0.0112546 0.999884 0.594968
0.459617 -0.887938 0.0178258 24.926 0.888023 0.459768 0.00532627 48.1278 -0.0129251 0.0133816 0.999827 0.63196
0.468716 -0.883177 0.0174043 25.1701 0.883242 0.468875 0.00631486 48.6114 -0.0137376 0.0124123 0.999829 0.640149
0.480657 -0.876842 0.0108079 25.3869 0.876798 0.480756 0.00992906 49.0147 -0.0139022 0.00470389 0.999892 0.637788
0.496967 -0.867725 0.00880865 25.624 0.867658 0.49704 0.0109656 49.4713 -0.0138933 0.00219338 0.999901 0.633015
0.515385 -0.856905 0.00963783 25.8874 0.856828 0.51547 0.0117045 49.8809 -0.0149977 0.00222565 0.999885 0.627099
0.536167 -0.844001 0.0137133 26.158 0.843948 0.536312 0.0110117 50.2901 -0.0166485 0.00566922 0.999845 0.630537
0.561968 -0.827015 0.0154395 26.3988 0.826935 0.562152 0.0127685 50.6299 -0.0192391 0.00559203 0.999799 0.630879
0.588409 -0.808417 0.0153849 26.6722 0.808304 0.588595 0.014141 50.9886 -0.0204873 0.00411502 0.999782 0.644521
0.616464 -0.787233 0.0153537 27.0167 0.787101 0.616648 0.0147481 51.277 -0.021078 0.00299323 0.999773 0.645078
0.6473 -0.762056 0.0165416 27.3002 0.761889 0.647508 0.0160896 51.5762 -0.0229719 0.00218808 0.999734 0.63523
0.681307 -0.731801 0.0169871 27.6193 0.731605 0.681518 0.0169296 51.8511 -0.0239662 0.000893609 0.999712 0.624728
0.718355 -0.695529 0.0143336 27.8876 0.69532 0.718494 0.0172013 52.1512 -0.0222627 -0.00239021 0.999749 0.614615
0.756149 -0.654242 0.0143649 28.1655 0.654054 0.756281 0.0159194 52.3947 -0.021279 -0.00264207 0.99977 0.613994
0.79298 -0.609079 0.0143625 28.485 0.608914 0.793105 0.0143982 52.6303 -0.0201606 -0.00267195 0.999793 0.604737
0.8288 -0.559379 0.0135843 28.8014 0.55921 0.8289 0.0144269 52.852 -0.0193302 -0.00436054 0.999804 0.611489
0.863209 -0.504689 0.0126012 29.1322 0.504536 0.863285 0.0135125 53.0484 -0.017698 -0.00530633 0.999829 0.584856
0.894615 -0.446656 0.012743 29.4839 0.446531 0.894693 0.0115747 53.2054 -0.016571 -0.0046647 0.999852 0.582754
0.921683 -0.387689 0.0140657 29.827 0.387568 0.92178 0.0105911 53.3401 -0.0170715 -0.00431026 0.999845 0.587625
0.944841 -0.327119 0.0163707 30.1609 0.32697 0.944969 0.0111311 53.4544 -0.019111 -0.00516444 0.999804 0.595274
0.963542 -0.266952 0.0179893 30.5247 0.266746 0.963678 0.0130404 53.508 -0.020817 -0.00776635 0.999753 0.593285
0.978337 -0.206144 0.0190284 30.8976 0.205913 0.978478 0.0134498 53.565 -0.0213915 -0.00924028 0.999728 0.580742
0.989185 -0.145497 0.0185144 31.2915 0.145328 0.989331 0.0101444 53.6444 -0.0197929 -0.007344 0.999777 0.571418
0.996061 -0.0867663 0.0182875 31.6508 0.0866593 0.996216 0.00656529 53.6304 -0.018788 -0.00495465 0.999811 0.57272
0.999385 -0.0296279 0.0187399 32.0165 0.029488 0.999535 0.00770274 53.6188 -0.0189595 -0.0071454 0.999795 0.577057
0.999515 0.0244466 0.0193113 32.4063 -0.0246612 0.999636 0.0109554 53.6052 -0.0190365 -0.0114263 0.999753 0.581884
0.996944 0.0759124 0.0184227 32.7681 -0.0761397 0.997025 0.0119636 53.5585 -0.0174597 -0.0133297 0.999759 0.571466
0.992199 0.123764 0.0149794 33.1632 -0.123872 0.992277 0.00648818 53.513 -0.0140607 -0.00829309 0.999867 0.540472
0.985577 0.168658 0.0138869 33.5262 -0.168608 0.985672 -0.00471506 53.4307 -0.0144831 0.00230562 0.999892 0.534869
0.977825 0.20881 0.015998 33.8946 -0.208624 0.977915 -0.0125593 53.3577 -0.0182672 0.00894323 0.999793 0.538276
0.969802 0.243244 0.0177666 34.2363 -0.243093 0.969949 -0.0102223 53.2834 -0.0197192 0.00559467 0.99979 0.569708
0.961881 0.272994 0.0161059 34.6693 -0.273043 0.962001 0.000880747 53.1421 -0.0152534 -0.00524477 0.99987 0.578757
0.953176 0.302086 0.0141174 35.0566 -0.302209 0.953212 0.00747447 53.0392 -0.0111989 -0.0113909 0.999872 0.564389
0.944593 0.328059 0.0110265 35.3931 -0.328148 0.944595 0.00764283 52.9522 -0.00790833 -0.0108377 0.99991 0.560801
0.936392 0.350889 0.00679741 35.7802 -0.35091 0.936406 0.00219927 52.8357 -0.00559344 -0.00444466 0.999974 0.537278
0.928704 0.37082 -0.00104182 36.1709 -0.370821 0.928701 -0.00231379 52.63 0.000109543 0.00253516 0.999997 0.533428
0.92152 0.388272 -0.0067409 36.5751 -0.388284 0.92154 -0.000485747 52.4595 0.0060234 0.00306501 0.999977 0.526412
0.914565 0.404382 -0.0067719 37.0328 -0.404377 0.91459 0.00221596 52.3012 0.00708961 0.000711759 0.999975 0.541604
0.908084 0.418783 -0.00205722 37.4751 -0.418777 0.908084 0.00301923 52.1185 0.00313254 -0.0018802 0.999993 0.53611
0.902064 0.431602 0.00111666 37.8902 -0.431603 0.902059 0.00275531 51.9237 0.000181898 -0.00296742 0.999996 0.54202
0.896013 0.444016 0.00309935 38.3173 -0.444023 0.896013 0.00209894 51.6778 -0.00184509 -0.00325686 0.999993 0.535626
0.891103 0.453799 0.00104442 38.7898 -0.453796 0.891102 -0.00241526 51.4332 -0.00202673 0.00167829 0.999997 0.534223
0.886463 0.462797 -0.00118831 39.2462 -0.462797 0.886452 -0.00460777 51.1835 -0.00107908 0.00463457 0.999989 0.528933
0.88194 0.471359 -0.00172118 39.742 -0.47136 0.881919 -0.00615874 50.9457 -0.00138503 0.00624294 0.99998 0.535439
0.878906 0.476981 -0.00375289 40.235 -0.476995 0.878862 -0.00881187 50.709 -0.000904817 0.00953491 0.999954 0.537704
0.876127 0.482058 -0.00469187 40.7574 -0.482081 0.876084 -0.00869291 50.4496 -8.00169e-05 0.00987796 0.999951 0.537947
0.87309 0.48754 -0.00429291 41.2754 -0.487558 0.87305 -0.00842248 50.1581 -0.000358368 0.00944663 0.999955 0.533995
0.870371 0.49238 -0.00407211 41.8 -0.492397 0.870337 -0.00770725 49.857 -0.000250785 0.00871326 0.999962 0.540653
0.869456 0.493992 -0.00434543 42.3195 -0.494011 0.869415 -0.00835713 49.5292 -0.000350377 0.00941285 0.999956 0.536894
0.86818 0.496234 -0.00393436 42.8547 -0.49625 0.868148 -0.00746694 49.2164 -0.000289743 0.00843507 0.999964 0.547337
0.867115 0.498083 -0.00494417 43.422 -0.498107 0.867071 -0.00878724 48.863 -8.98303e-05 0.0100823 0.999949 0.546211
0.866553 0.49903 -0.00739442 44.0012 -0.499085 0.866447 -0.0135693 48.5259 -0.000364624 0.015449 0.999881 0.555064
0.866886 0.498444 -0.00791707 44.6002 -0.498507 0.866767 -0.0143592 48.1856 -0.000294976 0.0163945 0.999866 0.552395
0.868753 0.49516 -0.00920947 45.2169 -0.495245 0.868574 -0.0176466 47.8125 -0.00073881 0.0198915 0.999802 0.546965
0.870624 0.491828 -0.0109156 45.8362 -0.491949 0.870417 -0.0189967 47.4654 0.000158001 0.0219089 0.99976 0.551597
0.872588 0.488334 -0.0109636 46.5271 -0.488457 0.872358 -0.0200495 47.0897 -0.000226741 0.0228502 0.999739 0.564702
0.874537 0.484843 -0.0105444 47.1699 -0.484957 0.874277 -0.0213566 46.7213 -0.00113589 0.0237908 0.999716 0.557454
0.876741 0.480849 -0.0104831 47.8594 -0.480961 0.876457 -0.0223686 46.3586 -0.00156794 0.0246534 0.999695 0.564901
0.87885 0.476974 -0.0109073 48.5333 -0.477092 0.878496 -0.0250477 46.0266 -0.00236509 0.0272169 0.999627 0.547353
0.880957 0.473131 -0.00788297 49.2801 -0.473189 0.880728 -0.0202357 45.6376 -0.00263138 0.0215569 0.999764 0.555438
0.88273 0.469823 -0.00736713 50.0056 -0.46987 0.882495 -0.0206061 45.2543 -0.00317979 0.0216512 0.999761 0.567775
0.884096 0.467201 -0.00985463 50.7155 -0.467305 0.88389 -0.0191038 44.9003 -0.000214903 0.0214947 0.999769 0.573916
0.884861 0.465692 -0.0123514 51.4406 -0.465838 0.884745 -0.014852 44.5284 0.00401136 0.0188957 0.999813 0.575557
0.885054 0.465321 -0.0124699 52.1414 -0.46545 0.885007 -0.0109147 44.1822 0.00595713 0.0154642 0.999863 0.593362
0.884621 0.466201 -0.0100718 52.9069 -0.466276 0.884612 -0.00700008 43.7997 0.00564619 0.0108887 0.999925 0.590717
0.884722 0.466027 -0.0092431 53.6662 -0.466096 0.884701 -0.0076179 43.3881 0.00462723 0.0110479 0.999928 0.607946
0.885211 0.465116 -0.00824663 54.3453 -0.465173 0.88519 -0.00732192 43.046 0.00389429 0.0103176 0.999939 0.620796
0.885135 0.465209 -0.0108181 55.1433 -0.465316 0.885068 -0.0115982 42.65 0.00417922 0.0152998 0.999874 0.636713
0.885621 0.464344 -0.00779038 55.8923 -0.464396 0.885598 -0.00723388 42.2725 0.00354014 0.0100243 0.999943 0.664827
0.885294 0.464959 -0.00821345 56.571 -0.465013 0.885278 -0.00679356 41.9212 0.00411246 0.00983366 0.999943 0.661762
0.884905 0.465712 -0.00739332 57.2754 -0.465743 0.884915 -0.00310938 41.5659 0.00509438 0.00619489 0.999968 0.663513
0.884105 0.467255 -0.00551355 57.9975 -0.467261 0.884119 0.000206857 41.2118 0.00497129 0.00239339 0.999985 0.678533
0.881826 0.471563 -0.0034224 58.7161 -0.471563 0.881832 0.00062242 40.8388 0.0033115 0.00106502 0.999994 0.674767
0.879844 0.47526 -0.00159088 59.4714 -0.475261 0.879844 -0.000918713 40.4317 0.000963099 0.00156441 0.999998 0.693562
0.877062 0.480376 0.00121606 60.1752 -0.480377 0.877062 0.00059267 40.0419 -0.000781857 -0.00110398 0.999999 0.705581
0.873275 0.487222 0.00219932 60.8999 -0.487226 0.873274 0.00169196 39.6189 -0.00109625 -0.00254912 0.999996 0.725818
0.869124 0.494589 0.00235978 61.6347 -0.494595 0.869115 0.00392212 39.1955 -0.000111083 -0.00457594 0.99999 0.728894
0.864058 0.503385 0.00254264 62.2782 -0.503391 0.864056 0.00226464 38.816 -0.001057 -0.00323673 0.999994 0.717069
0.858833 0.512249 0.00262847 62.9714 -0.512254 0.858832 0.00195947 38.4304 -0.00125368 -0.0030293 0.999995 0.731226
0.853265 0.521443 0.00597298 63.6598 -0.521469 0.853261 0.00405843 38.0108 -0.00298027 -0.00657764 0.999974 0.741356
0.847191 0.531208 0.00923302 64.3579 -0.531276 0.847161 0.00798866 37.5784 -0.00357822 -0.0116732 0.999925 0.742837
0.841181 0.540693 0.00805217 65.0007 -0.540746 0.841154 0.00732645 37.1363 -0.00281176 -0.0105171 0.999941 0.750904
0.834739 0.550614 0.00591528 65.7075 -0.55064 0.834732 0.00430209 36.7467 -0.00256888 -0.00684831 0.999973 0.761371
0.829135 0.559001 0.00720319 66.3333 -0.559045 0.829103 0.00752318 36.2851 -0.00176672 -0.0102646 0.999946 0.730736
0.823449 0.567352 0.00662146 66.9586 -0.567388 0.823423 0.00673647 35.8646 -0.00163031 -0.00930408 0.999955 0.739354
0.817604 0.57577 0.00362792 67.5936 -0.575781 0.817594 0.0041114 35.4305 -0.000598944 -0.00545038 0.999985 0.748245
0.812393 0.583096 0.00411477 68.182 -0.583111 0.812377 0.00501332 35.0047 -0.000419498 -0.00647214 0.999979 0.769107
0.807094 0.590412 0.00357308 68.8001 -0.590423 0.807084 0.00395119 34.5742 -0.00055095 -0.00529861 0.999986 0.767692
0.801573 0.597881 0.00426807 69.4018 -0.597896 0.801563 0.00413714 34.115 -0.000947609 -0.00586808 0.999982 0.751467
0.797897 0.602762 0.00616681 70.0025 -0.602788 0.797892 0.00380308 33.6537 -0.00262809 -0.00675175 0.999974 0.778842
0.794276 0.607533 0.00537241 70.5598 -0.607536 0.794291 -0.00130326 33.2364 -0.00505903 -0.00222878 0.999985 0.776178
0.791841 0.610697 0.00602115 71.1702 -0.610698 0.791861 -0.00187219 32.7404 -0.00591126 -0.00219463 0.99998 0.781669
0.79038 0.612602 0.00442572 71.6926 -0.61257 0.790388 -0.00669668 32.3263 -0.00760043 0.00258186 0.999968 0.782827
0.789504 0.613697 0.00774379 72.2678 -0.61369 0.789539 -0.00348935 31.8896 -0.00825543 -0.00199743 0.999964 0.787043
0.789292 0.614008 0.00338338 72.7568 -0.613985 0.789295 -0.0060362 31.5434 -0.00637676 0.00268699 0.999976 0.773952
0.789406 0.613867 0.00217089 73.3035 -0.613841 0.789397 -0.00710805 31.0779 -0.0060771 0.00427856 0.999972 0.787178
0.791327 0.611392 0.000903847 73.8012 -0.611378 0.791317 -0.0059103 30.7185 -0.00432874 0.00412439 0.999982 0.789248
0.794076 0.607818 -0.0004251 74.3419 -0.607801 0.794049 -0.00802777 30.3047 -0.00454187 0.00663304 0.999968 0.794447
0.799227 0.601027 -0.00176878 74.7717 -0.601022 0.799199 -0.00731471 29.9849 -0.00298273 0.00690919 0.999972 0.792246
0.805944 0.591991 -0.000534441 75.2942 -0.591982 0.805927 -0.00624505 29.5938 -0.00326629 0.00534954 0.99998 0.79062
0.812968 0.582304 -0.0022538 75.7428 -0.582307 0.812953 -0.00521804 29.3085 -0.00120625 0.00555451 0.999984 0.803104
0.822919 0.568156 -0.00185641 76.2087 -0.568159 0.822912 -0.00328703 28.9744 -0.000339885 0.00375969 0.999993 0.804281
0.834289 0.551316 -0.00359478 76.6321 -0.551326 0.834286 -0.00269391 28.7106 0.00151388 0.0042294 0.99999 0.805127
0.84655 0.53227 -0.00647565 77.111 -0.53229 0.84656 -0.00168016 28.4541 0.00458773 0.00486926 0.999978 0.807177
0.860815 0.508863 -0.00747735 77.5841 -0.508874 0.860841 0.00044172 28.2377 0.00666158 0.00342479 0.999972 0.812664
0.877047 0.480334 -0.00827557 78.0834 -0.480335 0.877083 0.00194153 28.0064 0.00819094 0.00227223 0.999964 0.809325
0.894502 0.447021 -0.00626909 78.5476 -0.447028 0.89452 0.000328924 27.83 0.00575486 0.00250823 0.99998 0.800204
0.91185 0.4105 -0.00430823 79.0429 -0.410508 0.911856 -0.00110629 27.6508 0.00347436 0.00277734 0.99999 0.806159
0.929115 0.36979 -0.000741851 79.5684 -0.36979 0.929114 -0.00113571 27.5097 0.000269291 0.00132953 0.999999 0.830539
0.945771 0.324784 0.00566718 80.0349 -0.3248 0.945781 0.00196285 27.394 -0.0047224 -0.0036971 0.999982 0.832477
0.961253 0.275507 0.00941731 80.5303 -0.275539 0.961287 0.00225644 27.3212 -0.00843107 -0.00476385 0.999953 0.836934
0.974881 0.222548 0.00891546 81.0093 -0.222582 0.974909 0.00303033 27.266 -0.00801737 -0.00493863 0.999956 0.847639
0.986248 0.165121 0.0070642 81.482 -0.165135 0.98627 0.00134408 27.2385 -0.00674527 -0.00249214 0.999974 0.846587
0.99506 0.0992059 0.00365907 82.0159 -0.0992113 0.995066 0.00133038 27.1784 -0.00350904 -0.00168683 0.999992 0.859495
0.999513 0.0311831 0.000667246 82.5018 -0.0311827 0.999514 -0.000536291 27.225 -0.000683645 0.000515223 1 0.864643
0.999332 -0.0361895 -0.00512086 82.9294 0.0361851 0.999345 -0.000955522 27.2881 0.00515209 0.000769584 0.999986 0.855809
0.994337 -0.106055 -0.00686911 83.4035 0.106073 0.994355 0.00237463 27.3804 0.0065785 -0.00308981 0.999974 0.847434
0.984335 -0.176071 -0.00913289 83.8604 0.176086 0.984374 0.000817893 27.5108 0.00884617 -0.00241325 0.999958 0.836116
0.969813 -0.24368 -0.00904348 84.3066 0.243684 0.969854 -0.000738945 27.6434 0.00895093 -0.00148711 0.999959 0.847782
0.951018 -0.309071 -0.00632266 84.737 0.309062 0.951039 -0.00239329 27.813 0.00675279 0.000321972 0.999977 0.866726
0.927878 -0.372872 -0.00294686 85.1517 0.372865 0.927882 -0.00266377 28.0033 0.00372758 0.00137287 0.999992 0.855856
0.900706 -0.434424 0.00205263 85.5669 0.434427 0.900706 -0.0013284 28.2639 -0.00127173 0.00208822 0.999997 0.889822
0.871766 -0.489849 0.00855093 85.9735 0.489833 0.871807 0.00402259 28.474 -0.00942522 0.000681767 0.999955 0.877896
0.841829 -0.539635 0.010842 86.3641 0.539593 0.841899 0.00674194 28.772 -0.0127661 0.000174717 0.999919 0.908296
0.813026 -0.582112 0.0116049 86.6875 0.582037 0.813108 0.00939331 29.026 -0.014904 -0.000882513 0.999889 0.914386
0.786338 -0.617733 0.00888756 87.0479 0.617598 0.786369 0.0140298 29.3162 -0.0156556 -0.00554324 0.999862 0.929082
0.762438 -0.647042 0.00502242 87.379 0.6469 0.762397 0.0164694 29.6486 -0.0144855 -0.00930788 0.999852 0.909912
0.740688 -0.671841 0.00326266 87.7005 0.671653 0.74058 0.0205851 29.9607 -0.0162462 -0.0130557 0.999783 0.841269
0.72433 -0.689443 0.0037693 88.0135 0.689336 0.724296 0.0145319 30.2726 -0.012749 -0.00792755 0.999887 0.849895
0.71225 -0.701901 0.00584328 88.3521 0.7018 0.712256 0.0129686 30.6409 -0.0132646 -0.00513606 0.999899 0.844378
0.703248 -0.710923 0.00550497 88.7046 0.710811 0.703245 0.013915 30.979 -0.0137639 -0.00587272 0.999888 0.861053
0.696275 -0.717774 -0.000677196 89.0349 0.717632 0.696117 0.0206305 31.3535 -0.0143366 -0.0148505 0.999787 0.855991
0.692089 -0.721775 -0.00725898 89.4115 0.721682 0.691739 0.0259086 31.7355 -0.0136789 -0.0231697 0.999638 0.817948
0.689598 -0.724073 -0.0131488 89.7912 0.724113 0.689141 0.027301 32.1385 -0.0107065 -0.0283479 0.999541 0.836671
0.689782 -0.723822 -0.0168231 90.1236 0.723968 0.689277 0.0277072 32.524 -0.00845925 -0.0312913 0.999474 0.81513
0.692183 -0.721461 -0.0194079 90.5119 0.721711 0.691773 0.0241546 32.9424 -0.00400074 -0.0307263 0.99952 0.78939
0.695422 -0.718314 -0.0203325 90.8859 0.718599 0.695217 0.0169848 33.3539 0.00193509 -0.0264225 0.999649 0.797185
0.699001 -0.714805 -0.0212633 91.2783 0.715098 0.698906 0.0128493 33.7717 0.00567632 -0.0241871 0.999691 0.814664
0.702321 -0.71138 -0.0261314 91.6911 0.711837 0.70212 0.0177701 34.1989 0.00570608 -0.0310817 0.999501 0.832022
0.705945 -0.707698 -0.0283972 92.114 0.708262 0.705527 0.024437 34.6427 0.00274103 -0.0373638 0.999298 0.822217
0.709576 -0.704221 -0.0239868 92.5568 0.704629 0.709173 0.0239115 35.0949 0.000171809 -0.0338688 0.999426 0.810945
0.71226 -0.701696 -0.0175376 93.0092 0.701888 0.711791 0.0265826 35.5457 -0.0061698 -0.0312431 0.999493 0.776626
0.715324 -0.69869 -0.0119561 93.4796 0.698706 0.714862 0.0279498 36.0015 -0.0109813 -0.028347 0.999538 0.753219
0.717279 -0.696755 -0.00657044 93.936 0.696689 0.716991 0.0234231 36.45 -0.0116092 -0.0213784 0.999704 0.755165
0.71765 -0.696366 -0.00722656 94.4307 0.696351 0.71743 0.0197389 36.9322 -0.00856098 -0.0191979 0.999779 0.73886
0.716475 -0.697546 -0.00970316 94.9223 0.697607 0.716344 0.0139644 37.3737 -0.00279001 -0.0167741 0.999855 0.75084
0.715789 -0.698104 -0.0172126 95.4421 0.698296 0.715739 0.0100102 37.8642 0.00533163 -0.0191847 0.999802 0.787283
0.713431 -0.70035 -0.02294 95.9303 0.700668 0.713408 0.0106285 38.363 0.0089219 -0.023656 0.99968 0.781655
0.711789 -0.701974 -0.0242743 96.4561 0.702366 0.711643 0.0157071 38.8708 0.00624861 -0.0282296 0.999582 0.81223
0.710381 -0.703627 -0.0163473 96.9076 0.703814 0.710119 0.0194258 39.3604 -0.00205997 -0.0253052 0.999678 0.755736
0.70869 -0.705443 -0.010421 97.4256 0.705465 0.708376 0.022861 39.8808 -0.00874516 -0.023553 0.999684 0.739972
0.707739 -0.706395 -0.0105238 97.9366 0.706427 0.707445 0.0219658 40.4323 -0.00807154 -0.0229803 0.999703 0.74699
0.704801 -0.709207 -0.0167673 98.4778 0.709397 0.704486 0.02134 40.9646 -0.00332208 -0.0269351 0.999632 0.78272
0.702724 -0.711149 -0.0211415 99.0375 0.711455 0.702542 0.0163162 41.5349 0.00324954 -0.0265071 0.999643 0.836676
0.700487 -0.713233 -0.0248217 99.5786 0.71365 0.700272 0.0179656 42.1188 0.00456828 -0.0302987 0.99953 0.76744
0.697745 -0.71592 -0.0247181 100.119 0.716332 0.69753 0.0178866 42.6773 0.00443624 -0.0301866 0.999534 0.759485
0.694683 -0.718958 -0.0226954 100.684 0.719309 0.694475 0.0172857 43.2394 0.00333373 -0.0283331 0.999593 0.74417
0.692993 -0.720667 -0.0199938 101.264 0.720944 0.692714 0.0196821 43.8278 -0.000334277 -0.028054 0.999606 0.757791
0.69204 -0.721679 -0.016113 101.857 0.721856 0.691805 0.0181254 44.4207 -0.00193371 -0.0241748 0.999706 0.728166
0.691539 -0.722306 -0.00700292 102.429 0.722327 0.691437 0.0125554 45.0015 -0.00422672 -0.0137409 0.999897 0.732108
0.690946 -0.722856 -0.00855301 103.001 0.722881 0.690774 0.0165591 45.6035 -0.00606166 -0.0176243 0.999826 0.713149
0.691503 -0.722281 -0.0115682 103.556 0.722357 0.691293 0.0177311 46.2084 -0.00480984 -0.0206175 0.999776 0.713623
0.692187 -0.721438 -0.0201051 104.136 0.721715 0.691838 0.0220807 46.8572 -0.00202042 -0.0297942 0.999554 0.703691
0.692948 -0.720213 -0.0334209 104.727 0.720988 0.692181 0.0325828 47.4834 -0.000333199 -0.0466742 0.99891 0.735156
0.694897 -0.718177 -0.0366078 105.301 0.719109 0.693928 0.0366973 48.1004 -0.000951979 -0.0518259 0.998656 0.769882
0.697563 -0.715621 -0.0359586 105.891 0.716521 0.696541 0.0377992 48.7244 -0.00200327 -0.0521323 0.998638 0.750346
0.699383 -0.713806 -0.0366709 106.481 0.714744 0.69831 0.0387767 49.3476 -0.00207133 -0.0533301 0.998575 0.763437
0.700861 -0.712361 -0.036553 107.084 0.713298 0.699922 0.0362586 49.9647 -0.00024493 -0.0514854 0.998674 0.774404
0.701949 -0.711365 -0.0350348 107.67 0.712226 0.701172 0.0330284 50.5807 0.00107015 -0.048137 0.99884 0.786958
0.702149 -0.711294 -0.0323546 108.295 0.712029 0.701502 0.0301552 51.2032 0.00124757 -0.0442109 0.999021 0.795429
0.703553 -0.710028 -0.0295462 108.914 0.71064 0.703064 0.0263106 51.8169 0.00209157 -0.0395076 0.999217 0.801387
0.704064 -0.7095 -0.0300683 109.507 0.710137 0.703419 0.0301143 52.4372 -0.000215434 -0.042555 0.999094 0.818022
0.705281 -0.708312 -0.0295502 110.099 0.708911 0.704357 0.0364199 53.0344 -0.00498272 -0.0466347 0.9989 0.811377
0.705955 -0.707685 -0.028448 110.705 0.708197 0.704806 0.0412851 53.65 -0.00916653 -0.0492922 0.998742 0.796778
0.706298 -0.707268 -0.0302447 111.31 0.707907 0.705452 0.0347175 54.2575 -0.00321841 -0.0459313 0.998939 0.809296
0.706807 -0.70642 -0.0373443 111.897 0.707352 0.706423 0.0248854 54.8492 0.00880129 -0.0440047 0.998993 0.830677
0.706052 -0.707079 -0.0391054 112.499 0.70795 0.706111 0.0146559 55.4524 0.0172498 -0.0380325 0.999128 0.869478
0.705519 -0.707692 -0.0376216 113.106 0.708578 0.705359 0.0196247 56.0462 0.0126485 -0.0405034 0.999099 0.879708
0.704764 -0.708925 -0.0270793 113.676 0.709441 0.704192 0.0284211 56.6397 -0.00107944 -0.0392413 0.999229 0.82631
0.704478 -0.709684 -0.00765284 114.285 0.709371 0.703744 0.0392171 57.2615 -0.0224462 -0.0330563 0.999201 0.859586
0.70314 -0.711003 -0.00833534 114.894 0.710813 0.702553 0.034117 57.87 -0.0184012 -0.0299139 0.999383 0.834924
0.702176 -0.711669 -0.0218008 115.445 0.71198 0.701577 0.0295763 58.4717 -0.00575358 -0.0362896 0.999325 0.818411
0.701261 -0.712192 -0.0318758 116.01 0.712888 0.700853 0.0244242 59.0378 0.00494557 -0.0398516 0.999193 0.850503
0.699781 -0.713675 -0.031216 116.604 0.714333 0.69945 0.0222991 59.6528 0.00591972 -0.0379031 0.999264 0.865059
0.69786 -0.715588 -0.0304069 117.175 0.716225 0.697441 0.0244679 60.2408 0.00369808 -0.0388534 0.999238 0.874511
0.695354 -0.71807 -0.0292888 117.718 0.718651 0.695034 0.0216512 60.8189 0.00480964 -0.0361036 0.999336 0.890104
0.691892 -0.721354 -0.0305578 118.299 0.721977 0.691592 0.0212091 61.4329 0.00583426 -0.0367364 0.999308 0.898954
0.689446 -0.723503 -0.0347529 118.862 0.724312 0.689026 0.0247939 62.016 0.00600724 -0.042266 0.999088 0.891075
0.68719 -0.725511 -0.0374729 119.378 0.726452 0.686681 0.0271208 62.6045 0.00605556 -0.0458594 0.99893 0.914048
0.686489 -0.726055 -0.0397164 119.939 0.727126 0.685792 0.0312537 63.2185 0.00454525 -0.0503342 0.998722 0.925056
0.685485 -0.727159 -0.036751 120.509 0.728086 0.684696 0.0328866 63.8241 0.00124949 -0.0493012 0.998783 0.932002
0.68439 -0.728414 -0.0319902 121.061 0.729116 0.683718 0.0303104 64.4219 -0.000206225 -0.0440687 0.999029 0.941314
0.682067 -0.730643 -0.0307365 121.643 0.731283 0.681634 0.0245022 65.0426 0.00304869 -0.0391893 0.999227 0.980264
0.679265 -0.733265 -0.0303614 122.167 0.733862 0.679032 0.0189927 65.6114 0.00668973 -0.0351822 0.999358 0.993055
0.674361 -0.737769 -0.0305878 122.715 0.738366 0.674159 0.0180364 66.2178 0.00731437 -0.034748 0.999369 0.977746
0.669916 -0.741882 -0.0286854 123.256 0.742424 0.669627 0.0201414 66.8062 0.00426595 -0.0347898 0.999386 0.953961
0.665486 -0.74602 -0.024111 123.779 0.746402 0.664985 0.026045 67.3701 -0.00339663 -0.0353291 0.99937 0.940764
0.661794 -0.749526 -0.0154357 124.342 0.749563 0.661175 0.0316569 68.0435 -0.013522 -0.0325204 0.99938 0.981533
0.659054 -0.751928 -0.0158593 124.837 0.751916 0.658291 0.0357129 68.6068 -0.0164135 -0.0354616 0.999236 1.02302
0.655583 -0.754907 -0.0180677 125.379 0.755036 0.654954 0.0309286 69.2468 -0.0115147 -0.033918 0.999358 1.0421
0.650084 -0.759582 -0.0206467 125.916 0.759842 0.649628 0.0249914 69.9031 -0.00557033 -0.0319347 0.999474 1.0211
0.645333 -0.763526 -0.0239368 126.391 0.763897 0.645117 0.0168836 70.4711 0.00255094 -0.0291808 0.999571 1.00015
0.639844 -0.767927 -0.0297985 126.905 0.768503 0.639442 0.0227266 71.0861 0.00160212 -0.0374417 0.999298 1.02704
0.634128 -0.772558 -0.0321685 127.422 0.773228 0.633571 0.0265862 71.7302 -0.000158399 -0.0417326 0.999129 1.0125
0.62779 -0.777588 -0.0351685 127.912 0.778383 0.627154 0.0282596 72.3704 8.16993e-05 -0.0451156 0.998982 1.02692
0.620354 -0.783418 -0.0376518 128.362 0.784313 0.619862 0.0249775 73.0057 0.00377109 -0.0450257 0.998979 1.05342
0.613712 -0.788623 -0.0378205 128.894 0.789503 0.613378 0.0212417 73.6917 0.0064466 -0.0428957 0.999059 1.0468
0.606827 -0.793953 -0.0373972 129.39 0.794812 0.606485 0.0212013 74.3567 0.00584797 -0.0425892 0.999076 1.06001
0.600871 -0.798455 -0.0377197 129.852 0.799346 0.600226 0.0278347 75.0099 0.000415588 -0.0468762 0.998901 1.03587
0.594528 -0.803262 -0.0361494 130.391 0.804051 0.593563 0.0344314 75.6803 -0.00620043 -0.0495364 0.998753 1.07847
0.587915 -0.808208 -0.0339826 130.864 0.808853 0.586794 0.0378246 76.365 -0.0106294 -0.0497246 0.998706 1.06278
0.582738 -0.812002 -0.0326934 131.291 0.812554 0.581542 0.0395464 76.9999 -0.0130991 -0.0496104 0.998683 1.05023
0.578302 -0.815127 -0.0336899 131.805 0.815751 0.577207 0.0371831 77.7099 -0.0108628 -0.0489856 0.99874 1.04803
0.575104 -0.817208 -0.0377719 132.255 0.818051 0.57408 0.0349812 78.4046 -0.00690281 -0.0510172 0.998674 1.04086
0.572149 -0.818948 -0.0443905 132.729 0.820149 0.571257 0.0319413 79.0876 -0.000799846 -0.0546821 0.998503 1.02863
0.569906 -0.82023 -0.0493035 133.178 0.821706 0.569072 0.0309424 79.7342 0.00267734 -0.0581472 0.998304 1.0239
0.566892 -0.822231 -0.0506872 133.654 0.823791 0.565725 0.0363875 80.4634 -0.00124395 -0.0623835 0.998051 1.0191
0.565338 -0.823445 -0.0482857 134.097 0.824777 0.563483 0.0472215 81.1335 -0.0116761 -0.066521 0.997717 1.02486
0.562216 -0.825758 -0.0451339 134.534 0.826744 0.55988 0.0550282 81.8485 -0.0201704 -0.068252 0.997464 1.02748
0.558669 -0.828295 -0.0426231 135.024 0.829192 0.556673 0.0505493 82.5068 -0.0181426 -0.0635831 0.997812 1.02347
0.554037 -0.831546 -0.0396905 135.46 0.832448 0.552885 0.0367256 83.148 -0.00859478 -0.0533876 0.998537 1.01177
0.548175 -0.835238 -0.0433689 135.915 0.836359 0.547267 0.0316606 83.8436 -0.00270979 -0.0536276 0.998557 1.01472
0.54243 -0.83859 -0.0503612 136.372 0.840094 0.541212 0.0364805 84.5618 -0.00333604 -0.0620963 0.998065 0.997342
0.536511 -0.842337 -0.0512284 136.797 0.843816 0.534653 0.0460499 85.2632 -0.0114001 -0.0679336 0.997625 0.963458
0.529778 -0.846825 -0.047149 137.242 0.848009 0.527919 0.0467067 85.9804 -0.0146615 -0.064727 0.997795 0.979192
0.524892 -0.85021 -0.040388 137.665 0.850984 0.5232 0.0456939 86.657 -0.0177184 -0.0583539 0.998139 0.972073
0.520213 -0.853555 -0.028672 138.068 0.853824 0.519041 0.0397615 87.3531 -0.0190567 -0.0451653 0.998798 0.963841
0.514183 -0.857399 -0.0219658 138.516 0.857575 0.51355 0.028839 88.0687 -0.013446 -0.0336659 0.999343 1.01124
0.509162 -0.860194 -0.0286229 138.981 0.860652 0.508649 0.0235496 88.791 -0.00569817 -0.0366249 0.999313 1.01705
0.502685 -0.863926 -0.0306567 139.437 0.86447 0.502371 0.0177647 89.5005 5.36125e-05 -0.0354318 0.999372 0.986943
0.49665 -0.867258 -0.0346864 139.869 0.867934 0.495988 0.0262065 90.2552 -0.00552369 -0.0431209 0.999054 0.958889
0.492756 -0.869576 -0.0320646 140.282 0.87002 0.49166 0.0365383 91.041 -0.0160079 -0.0459013 0.998818 0.970572
0.489146 -0.871806 -0.0262656 140.674 0.8718 0.487785 0.0450514 91.7676 -0.0264641 -0.0449351 0.998639 0.940519
0.485703 -0.873829 -0.0226935 141.053 0.873682 0.484469 0.0443793 92.4656 -0.0277857 -0.0413821 0.998757 0.930153
0.483415 -0.874952 -0.027744 141.481 0.875254 0.482534 0.0330329 93.2474 -0.0155148 -0.0402516 0.999069 0.956541
0.481607 -0.875516 -0.0390608 141.812 0.876363 0.480783 0.0289142 93.9148 -0.00653512 -0.0481567 0.998818 0.950962
0.47968 -0.876296 -0.0448526 142.212 0.877434 0.478815 0.0290629 94.6682 -0.00399158 -0.0532961 0.998571 0.942589
0.477546 -0.877653 -0.0409238 142.638 0.878577 0.476625 0.0305234 95.4632 -0.00728366 -0.050531 0.998696 0.911766
0.477283 -0.878025 -0.0356769 143.052 0.878653 0.476234 0.0342122 96.2069 -0.0130486 -0.0476765 0.998778 0.905631
0.476728 -0.878362 -0.0347803 143.459 0.878857 0.475421 0.039811 96.9749 -0.0184332 -0.049546 0.998602 0.882958
0.4749 -0.879479 -0.031424 143.843 0.879813 0.473665 0.0396166 97.7478 -0.0199575 -0.0464612 0.998721 0.843541
0.473697 -0.880345 -0.0245484 144.203 0.880582 0.473025 0.0286791 98.4716 -0.0136355 -0.0352021 0.999287 0.881484
0.471846 -0.881129 -0.0312077 144.658 0.881678 0.471449 0.0194952 99.1773 -0.00246491 -0.0367138 0.999323 0.881898
0.469911 -0.882235 -0.0290893 145.028 0.882712 0.469719 0.0135412 99.9446 0.00171729 -0.0320406 0.999485 0.853361
0.46916 -0.882412 -0.0351775 145.389 0.883112 0.468729 0.0201322 100.668 -0.00127619 -0.0405109 0.999178 0.863626
0.467951 -0.883104 -0.0339039 145.853 0.883684 0.467083 0.0306043 101.486 -0.0111908 -0.0442817 0.998956 0.880212
0.467103 -0.883763 -0.0278796 146.247 0.8841 0.466337 0.0299444 102.265 -0.0134625 -0.0386355 0.999163 0.885818
0.46569 -0.884731 -0.0195714 146.622 0.88487 0.465243 0.0235421 103.015 -0.011723 -0.0282815 0.999531 0.905411
0.46599 -0.884179 -0.0328915 147.035 0.884773 0.465426 0.023567 103.767 -0.00552885 -0.0400834 0.999181 0.872164
0.46568 -0.88402 -0.0406288 147.386 0.884941 0.464941 0.0266454 104.52 -0.00466508 -0.0483624 0.998819 0.897131
0.46492 -0.884322 -0.0426949 147.732 0.885328 0.464005 0.0299118 105.25 -0.0066411 -0.0517056 0.99864 0.885114
0.464766 -0.884517 -0.0402648 148.121 0.885383 0.463772 0.0318348 105.995 -0.00948471 -0.0504455 0.998682 0.890029
0.464437 -0.884659 -0.0409526 148.492 0.885522 0.463257 0.0352756 106.727 -0.0122353 -0.0526477 0.998538 0.880183
0.463672 -0.885035 -0.041494 148.874 0.885929 0.462501 0.034981 107.503 -0.0117684 -0.0529805 0.998526 0.885292
0.463305 -0.885336 -0.0391106 149.257 0.886158 0.462407 0.0300713 108.209 -0.00853814 -0.0485903 0.998782 0.902156
0.462372 -0.885516 -0.0455438 149.574 0.886671 0.461453 0.0295938 108.88 -0.00518947 -0.0540657 0.998524 0.899473
0.461204 -0.885646 -0.054059 149.982 0.88727 0.459884 0.0354832 109.646 -0.00656467 -0.0643299 0.997907 0.891039
0.459777 -0.886529 -0.0516918 150.341 0.887959 0.458201 0.0397594 110.369 -0.0115627 -0.0641807 0.997871 0.86679
0.458831 -0.887171 -0.0490151 150.716 0.888299 0.456776 0.0477524 111.086 -0.0199756 -0.0654503 0.997656 0.872064
0.458003 -0.887966 -0.0418349 151.093 0.888606 0.456007 0.0493717 111.755 -0.0247633 -0.0597871 0.997904 0.861624
0.456862 -0.888655 -0.0396111 151.413 0.889271 0.455181 0.0448107 112.409 -0.0217911 -0.0556973 0.99821 0.86991
0.457488 -0.888079 -0.0449431 151.764 0.88914 0.456205 0.0361569 113.096 -0.0116069 -0.0565021 0.998335 0.858989
0.458479 -0.88752 -0.0458868 152.079 0.888671 0.457395 0.0324674 113.702 -0.00782705 -0.0556638 0.998419 0.888358
0.458788 -0.887453 -0.0440452 152.448 0.888539 0.458026 0.0266642 114.378 -0.00348939 -0.0513691 0.998674 0.885229
0.46124 -0.886065 -0.0463181 152.733 0.887275 0.460613 0.0240499 114.978 2.49334e-05 -0.0521897 0.998637 0.874352
0.465631 -0.88369 -0.0477556 153.054 0.884978 0.465011 0.0240461 115.572 0.000957564 -0.0534593 0.99857 0.886222
0.470391 -0.881051 -0.0498209 153.348 0.882452 0.469427 0.0302823 116.166 -0.00329299 -0.0582091 0.998299 0.899828
0.476389 -0.878172 -0.0432072 153.674 0.879169 0.475177 0.0356136 116.755 -0.0107438 -0.0549524 0.998431 0.927922
0.480629 -0.875867 -0.0430324 153.973 0.876765 0.479028 0.0426191 117.343 -0.016715 -0.0582133 0.998164 0.931412
0.485907 -0.872938 -0.0432801 154.295 0.873882 0.484391 0.0411884 117.938 -0.0149904 -0.0578354 0.998214 0.90411
0.49284 -0.869006 -0.044009 154.603 0.870105 0.491909 0.0307006 118.497 -0.00503057 -0.0534229 0.998559 0.917474
0.499065 -0.865196 -0.0486908 154.937 0.866559 0.498481 0.0243326 119.08 0.00321898 -0.054337 0.998518 0.946088
0.50538 -0.861195 -0.0541731 155.248 0.862857 0.50496 0.0221894 119.663 0.00824586 -0.0579577 0.998285 0.94881
0.511847 -0.857216 -0.0565039 155.564 0.859057 0.511175 0.0268656 120.191 0.00585367 -0.0622911 0.998041 0.943982
0.516851 -0.854377 -0.0538876 155.885 0.856073 0.515964 0.0303304 120.721 0.00189048 -0.0618081 0.998086 0.94682
0.522086 -0.851677 -0.0455171 156.256 0.85289 0.521209 0.0303245 121.289 -0.00210276 -0.0546531 0.998503 0.944613
0.526961 -0.848941 -0.040134 156.615 0.849883 0.526182 0.0288425 121.842 -0.0033678 -0.0493081 0.998778 0.967671
0.529709 -0.847228 -0.0401724 156.967 0.848169 0.528872 0.03006 122.376 -0.00422158 -0.049996 0.99874 0.989631
0.530344 -0.846826 -0.0402708 157.318 0.847773 0.529516 0.0298918 122.933 -0.00398908 -0.0499934 0.998742 0.993009
0.530055 -0.847036 -0.0396412 157.667 0.847941 0.52913 0.031891 123.495 -0.00603753 -0.0505174 0.998705 1.00933
0.529674 -0.847399 -0.0368692 157.989 0.848145 0.52864 0.0344802 124.022 -0.00972798 -0.0495337 0.998725 0.993206
0.529695 -0.847351 -0.0376831 158.304 0.848119 0.528563 0.0362661 124.557 -0.0108122 -0.0511697 0.998631 1.00881
0.529707 -0.847004 -0.044664 158.63 0.848163 0.528626 0.0342598 125.098 -0.00540761 -0.05603 0.998414 0.974013
0.528215 -0.8475 -0.0522727 158.953 0.849105 0.527431 0.0289382 125.633 0.00304516 -0.0596706 0.998213 0.96679
0.526046 -0.848785 -0.0532908 159.302 0.850399 0.525706 0.0213369 126.219 0.00990485 -0.0565426 0.998351 0.993938
0.523042 -0.850837 -0.0500436 159.655 0.852204 0.522989 0.0152026 126.795 0.0132373 -0.0505989 0.998631 1.0299
0.519864 -0.852764 -0.050351 160 0.854203 0.519544 0.020286 127.379 0.00886035 -0.0535559 0.998526 1.019
0.516202 -0.854978 -0.0504767 160.331 0.856458 0.515032 0.0349563 127.968 -0.00388979 -0.0612757 0.998113 1.04354
0.513303 -0.857249 -0.040555 160.676 0.857991 0.511539 0.0466893 128.553 -0.0192789 -0.0587616 0.998086 1.02929
0.509843 -0.859721 -0.0306641 161.05 0.8598 0.508069 0.0510827 129.156 -0.0283374 -0.0524092 0.998223 1.02122
0.508469 -0.860485 -0.0320174 161.413 0.860719 0.506827 0.0478349 129.785 -0.0249339 -0.0518805 0.998342 0.987095
0.505596 -0.861997 -0.0365118 161.708 0.862585 0.504158 0.0420955 130.341 -0.0178785 -0.0527779 0.998446 0.988088
